Gene	Chromo	Start	Finish	Function	ArabidopsisID	SunflowerID	AgravTajimaD	GravTajimaD	D01TajimaD	H01TajimaD	D03TajimaD	H02TajimaD	D04TajimaD	H05TajimaD	AgravGravOutlier	AgravGravOutlierStringent	D01H01outlier	D01H01outlierStringent	D03H02outlier	D03H02outlierStringent	D04H05outlier	D04H05outlierStringent	SummaryOutlierGenes	SummaryOutlierGenesStringent	ParallelGenes	ParallelGenesStringent	ParallelArchitectureGenes	ParallelArchitectureGenesStringent
AAO1_1	tig00038258	20882	34357	Biosynthesis	AT5G20960	XP_022000864.1	-1.187668	-1.245829	-1.68829	-0.81348	-0.828642	-0.756605	-0.271985	-0.194629	1	0	1	0	1	1	1	0	3	1	1	0	1	0
AAO1_2	tig00256657	29272	39940	Biosynthesis	AT5G20960	XP_022000864.1	-0.882907	-0.886413	-1.075332	-0.746097	0.247197	-0.162472	0.127032	-0.436862	1	1	1	0	1	0	1	0	3	0	1	0	1	0
AMI1	tig00007746	9027	10980	Biosynthesis	AT1G08980	XP_022005192.1	2.148848	2.163872	1.046423	1.859295	2.999141	2.627274	2.759938	2.434851	0	0	0	0	0	0	0	0	0	0	0	0	0	0
CYP71A12_1	tig00010159	66018	89227	Biosynthesis	AT2G30750	XP_022012298.1	0.809273	0.950085	-0.015177	0.528988	1.647284	1.518841	1.074807	1.395205	1	0	1	0	1	1	1	1	3	2	1	0	1	0
CYP71A12_2	tig00034646	8568	9983	Biosynthesis	AT2G30750	XP_022012298.1	2.984275	2.868162	2.049935	2.125767	1.769991	2.732099	3.171556	2.593721	0	0	0	0	0	0	0	0	0	0	0	0	0	0
CYP71A13_1	tig00012297	77698	79055	Biosynthesis	AT2G30770	XP_022016786.1	1.734839	1.909245	1.253878	1.378548	2.698544	2.968683	3.276566	2.812643	0	0	0	0	0	0	0	0	0	0	0	0	0	0
CYP71A13_2	tig00065412	28679	30142	Biosynthesis	AT2G30770	XP_022016786.1	1.033265	1.046379	0.46977	0.917426	1.400732	1.302084	1.503091	1.200084	1	0	0	0	0	0	0	0	0	0	0	0	0	0
CYP79B2_1	tig00017503	32019	34306	Biosynthesis	AT4G39950	XP_022024153.1	-0.461418	-0.636571	-1.096743	-0.594824	0.420101	0.002637	0.203422	0.54539	1	0	1	0	1	0	0	0	2	0	0	0	0	0
CYP79B2_2	tig00047073	11963	44561	Biosynthesis	AT4G39950	XP_022024153.1	-0.219634	-0.14075	-0.366167	-0.077793	1.220612	0.745149	0.878199	1.026342	1	1	1	0	1	0	0	0	2	0	0	0	0	0
CYP79B3	tig00066740	7587	9407	Biosynthesis	AT2G22330	XP_021981248.1	1.657386	1.648577	0.883729	1.487737	1.979124	1.792255	1.538027	1.696276	0	0	0	0	0	0	0	0	0	0	0	0	0	0
LEC2_1	tig00010420	31139	31625	Biosynthesis	AT1G28300	XP_022014344.1	-0.808317	-0.443933	-1.850163	-1.520102	-0.800236	-0.489252	-2.00492	-0.706148	0	0	0	0	0	0	0	0	0	0	0	0	0	0
LEC2_2	tig00262054	22642	23050	Biosynthesis	AT1G28300	XP_022014344.1	-0.729338	-0.723675	-1.350151	-1.306182	0.038812	-0.416755	-0.604219	-1.557128	0	0	0	0	0	0	0	0	0	0	0	0	0	0
NGA1_2	tig01936323	1156	2157	Biosynthesis	AT2G46870	XP_022029161.1	1.733409	1.761154	0.537439	1.223851	2.233951	2.178585	2.514532	1.91195	0	0	0	0	0	0	0	0	0	0	0	0	0	0
NGA2_1	tig00014263	57036	57395	Biosynthesis	AT3G61970	XP_022041670.1	-0.538564	-0.38303	-1.184326	-1.22799	-0.532787	0.567699	1.31656	0.238236	0	0	0	0	0	0	0	0	0	0	0	0	0	0
NGA2_2	tig00023196	14332	14655	Biosynthesis	AT3G61970	XP_022041670.1	0.202258	0.739288	0.76015	0.333295	3.018109	1.920842	2.305152	0.704662	1	0	0	0	0	0	0	0	0	0	0	0	0	0
NGA3_1	tig00058533	9882	10232	Biosynthesis	AT1G01030	XP_022020925.1	-1.327933	-2.079682	-2.325835	-2.042078	-1.151488	-0.387565	-0.222865	-1.582808	0	0	0	0	0	0	0	0	0	0	0	0	0	0
NGA3_2	tig00260129	13712	14518	Biosynthesis	AT1G01030	XP_022020925.1	-0.609467	-1.036168	-0.814338	-0.357536	0.775701	0.004504	-0.361343	0.075162	0	0	0	0	0	0	0	0	0	0	0	0	0	0
NGA4	tig01930385	19336	20709	Biosynthesis	AT4G01500	XP_021978685.1	-0.343098	-0.546369	-2.015166	-0.348862	0.189827	0.401465	0.356636	-1.06029	0	0	0	0	1	0	1	0	2	0	0	0	0	0
NIT1_1	tig00033361	5648	7014	Biosynthesis	AT3G44310	XP_022002483.1	-0.803868	-0.865263	-1.682517	-0.402362	0.284237	-0.075178	-0.22746	-0.826184	1	0	1	0	0	0	0	0	1	0	0	0	0	0
NIT1_2	tig00257759	2071	3463	Biosynthesis	AT3G44310	XP_022002483.1	-0.817072	-1.17047	-1.181541	-0.377715	0.228849	-0.57454	-0.037085	-0.222271	0	0	0	0	0	0	0	0	0	0	0	0	0	0
NIT2_1	tig00027724	21635	22330	Biosynthesis	AT3G44300	XP_022029965.1	-1.022515	-1.088357	-1.077179	-0.734391	0.482573	0.126046	-0.14189	-0.115287	0	0	0	0	0	0	0	0	0	0	0	0	0	0
NIT2_2	tig00260133	16383	18945	Biosynthesis	AT3G44300	XP_022029965.1	0.142813	0.242712	-0.905686	0.217418	1.333287	1.24802	1.445458	1.223027	1	0	0	0	0	0	0	0	0	0	0	0	0	0
NIT3	tig00055579	40807	42329	Biosynthesis	AT3G44320	XP_021981641.1	-1.125514	-1.009506	-1.975341	-0.736143	0.017596	-0.582901	-0.018761	-0.209907	1	0	0	0	0	0	0	0	0	0	0	0	0	0
PLT3_2	tig00256457	21104	25664	Biosynthesis	AT5G10510	XP_022009844.1	-0.521414	-0.369975	-0.4558	-0.420135	0.48148	0.254018	0.742636	0.77378	1	1	1	0	1	1	0	0	2	1	0	0	0	0
PLT5_1	tig00252518	11391	13939	Biosynthesis	AT5G57390	XP_022027953.1	-1.481643	-1.479327	-1.403683	-1.246114	0.031288	-0.262923	-0.559322	-0.371598	1	0	0	0	0	0	1	0	1	0	0	0	0	0
PLT5_2	tig01933177	3352	6734	Biosynthesis	AT5G57390	XP_022027953.1	-0.689321	-0.722866	-0.877341	-0.725096	0.207689	-0.503194	-0.271096	0.101626	1	0	1	0	1	1	1	0	3	1	1	0	1	0
PLT7_1	tig00039066	14414	15436	Biosynthesis	AT5G65510	XP_021997769.1	-0.966221	-0.955554	-1.383049	-1.404042	0.196107	-0.155281	-1.00636	-0.923125	0	0	0	0	0	0	1	0	1	0	0	0	0	0
PLT7_2	tig00079445	2229	5803	Biosynthesis	AT5G65510	XP_021997769.1	-0.51459	-0.805243	-1.438228	-0.277319	-0.581251	0.41774	-0.36171	-1.378982	0	0	0	0	1	0	0	0	1	0	0	0	0	0
REV	tig01929675	71806	76347	Biosynthesis	AT5G60690	XP_022026352.1	-1.754376	-1.586476	-1.699883	-2.089646	0.691187	-1.154194	-0.345499	-1.577425	0	0	0	0	0	0	1	0	1	0	0	0	0	0
SGR5_1	tig00032664	9374	10484	Gravitropism	AT2G01940	XP_022021649.1	-1.105943	-0.828086	-1.903404	-0.954267	-0.304758	-0.007886	-0.188301	-0.216381	0	0	0	0	0	0	0	0	0	0	0	0	0	0
SGR5_2	tig00089185	9769	11622	Gravitropism	AT2G01940	XP_022021649.1	-1.418881	-1.482516	-1.800202	-1.288043	-0.07789	-0.422096	-0.378122	-1.467652	1	1	0	0	0	0	0	0	0	0	0	0	0	0
SPL	tig01932252	5773	6498	Biosynthesis	AT4G27330	XP_022026956.1	-0.901258	-1.071149	-1.626077	0.183051	0.804822	-0.170625	-0.568087	-0.746917	1	0	1	0	0	0	0	0	1	0	0	0	0	0
STY1	tig00249211	12939	14200	Biosynthesis	AT3G51060	XP_021992696.1	0.540457	0.6367	0.626608	0.696499	1.710533	1.604906	1.921235	1.159372	0	0	0	0	0	0	1	0	1	0	0	0	0	0
STY2	tig00099593	8401	9663	Biosynthesis	AT4G36260	XP_022015721.1	-1.518853	-1.357158	-1.345233	-1.479802	-1.38336	-0.47281	-0.646273	-0.643797	0	0	0	0	0	0	0	0	0	0	0	0	0	0
STY3	tig00002955	139919	141047	Biosynthesis	AT2G21400	XP_021982877.1	-1.008428	-0.828294	-1.738955	-1.88508	0.695307	0.595613	-0.218441	-1.481925	1	0	1	0	0	0	1	0	2	0	0	0	0	0
STY4	tig00032769	4238	5860	Biosynthesis	AT2G18120	XP_022034476.1	-1.509923	-1.355431	-1.504938	-0.941761	-0.842452	-1.414257	-0.847935	-0.484297	0	0	0	0	0	0	1	1	1	1	0	0	0	0
STY5	tig00080712	20891	21613	Biosynthesis	AT1G75520	XP_022015728.1	-0.352148	-0.66261	-1.752668	-1.11126	0.167995	-0.57606	0.233945	-0.701691	0	0	1	0	0	0	0	0	1	0	0	0	0	0
STY6	tig00025492	6377	7017	Biosynthesis	AT3G54430	XP_022007727.1	-0.954182	-0.268462	-1.431852	-1.526533	0.523678	0.566882	-0.762077	-0.195704	0	0	1	0	0	0	0	0	1	0	0	0	0	0
STY8_1	tig00064488	7841	9115	Biosynthesis	AT5G33210	XP_021978956.1	2.757671	2.344975	1.019835	2.617752	2.968076	2.721824	3.043204	2.438448	0	0	1	0	0	0	0	0	1	0	0	0	0	0
STY8_2	tig00103984	9188	11544	Biosynthesis	AT5G33210	XP_021978956.1	-0.689622	-0.661649	-1.287968	-0.665909	-0.468834	-0.824525	-0.318427	-0.614939	0	0	1	0	1	0	0	0	2	0	0	0	0	0
TAA1_1	tig01938351	21282	23192	Biosynthesis	AT1G70560	XP_021973430.1	-0.745609	-0.432009	-1.716328	-1.245881	0.657237	-0.187331	0.220258	-0.909888	0	0	1	0	0	0	0	0	1	0	0	0	0	0
TAA1_2	tig00246479	43717	45064	Biosynthesis	AT1G70560	XP_021973430.1	-1.286279	-1.37029	-1.633454	-1.063249	-0.085054	-1.81689	-0.273778	-1.722892	0	0	0	0	0	0	0	0	0	0	0	0	0	0
TAR1_1	tig00040077	63754	65559	Biosynthesis	AT1G23320	XP_022025085.1	1.560466	1.779138	1.475641	1.400225	2.245287	1.565225	2.147467	2.262894	0	0	0	0	0	0	0	0	0	0	0	0	0	0
TAR2	tig00053414	12717	14584	Biosynthesis	AT4G24670	XP_022015823.1	-1.568404	-1.476412	-1.778098	-1.18424	-1.20254	-1.846805	-1.16681	-1.096832	1	0	0	0	0	0	0	0	0	0	0	0	0	0
TAR3_1	tig00246762	125736	127121	Biosynthesis	AT1G34040	XP_022000100.1	-1.151848	-0.990337	-1.191309	-1.802082	0.578295	0.140631	0.850634	0.12693	0	0	0	0	0	0	0	0	0	0	0	0	0	0
TAR4_1	tig00012840	17312	18710	Biosynthesis	AT1G34060	XP_022000099.1	-0.995472	-0.904817	-1.923801	-0.499585	0.03055	-0.011921	-0.897438	-0.221569	0	0	0	0	0	0	0	0	0	0	0	0	0	0
TAR4_2	tig00076826	3997	10679	Biosynthesis	AT1G34060	XP_022000099.1	-1.34952	-1.589129	-1.438979	-1.420077	0.554186	-0.154228	-0.214724	0.328493	0	0	0	0	0	0	1	0	1	0	0	0	0	0
YUC1_1	tig00098289	13050	14447	Biosynthesis	AT4G32540	XP_021987117.1	-1.282322	-0.965437	-1.19183	-1.554342	-1.419197	-0.464765	-1.417675	-1.383103	0	0	0	0	0	0	0	0	0	0	0	0	0	0
YUC1_2	tig00249674	37516	38995	Biosynthesis	AT4G32540	XP_021987117.1	-0.20158	-0.718111	-0.69721	-1.373127	1.690337	0.631839	-1.222385	-1.455284	1	0	0	0	0	0	0	0	0	0	0	0	0	0
YUC10	tig00256371	6247	7709	Biosynthesis	AT1G48910	XP_022040910.1	-1.464977	-1.273026	-1.6137	-0.781359	-0.282228	-0.954034	-1.442329	-1.073401	1	0	0	0	0	0	0	0	0	0	0	0	0	0
YUC11_1	tig00047603	2030	12050	Biosynthesis	AT1G21430	XP_022030808.1	-0.560547	-0.534332	-0.952512	-0.402017	0.548801	0.055574	-0.032632	0.163377	1	0	0	0	1	0	0	0	1	0	0	0	0	0
YUC11_2	tig00254430	3553	5054	Biosynthesis	AT1G21430	XP_022030808.1	-1.431226	-1.579963	-1.581142	-0.803538	0.020048	-1.353246	-1.294931	-0.707716	1	0	0	0	0	0	0	0	0	0	0	0	0	0
YUC11_3	tig00259851	3593	5089	Biosynthesis	AT1G21430	XP_022030808.1	-1.187489	-1.591681	-1.211639	-0.970429	-0.196782	-0.345662	-0.270199	-0.20895	0	0	0	0	1	0	0	0	1	0	0	0	0	0
YUC11_4	tig01931002	6671	8031	Biosynthesis	AT1G21430	XP_022030808.1	-1.531808	-1.386871	-1.585766	-1.015973	0.018603	-0.458457	-0.631971	-0.270488	0	0	0	0	0	0	0	0	0	0	0	0	0	0
YUC11_5	tig01938543	134817	136193	Biosynthesis	AT1G21430	XP_022030808.1	-1.253831	-1.221451	-1.855663	-1.495404	-0.961543	-1.323824	-1.270845	-0.839674	0	0	0	0	0	0	0	0	0	0	0	0	0	0
YUC11_6	tig01940053	3897	5260	Biosynthesis	AT1G21430	XP_022030808.1	-1.92148	-1.960232	-2.101569	-1.597432	-0.868419	-1.197864	-0.657977	-0.755345	0	0	0	0	0	0	0	0	0	0	0	0	0	0
YUC2	tig00121840	14755	16893	Biosynthesis	AT4G13260	XP_021996626.1	-1.049352	-1.08221	-0.84215	-1.060214	-0.854142	-1.117541	0.051016	-0.08814	1	0	1	0	0	0	0	0	1	0	0	0	0	0
YUC3	tig00045646	7626	42132	Biosynthesis	AT1G04610	XP_022026725.1	-0.940029	-0.924207	-1.152218	-0.568696	0.255079	-0.24709	-0.413607	0.116911	1	0	1	0	1	1	1	0	3	1	1	0	1	0
YUC4_1	tig00246381	41462	42916	Biosynthesis	AT5G11320	XP_021994810.1	-0.839807	-0.813445	-1.807396	-1.070218	0.434101	-0.529776	-0.812948	-0.135119	0	0	0	0	0	0	0	0	0	0	0	0	0	0
YUC4_2	tig00259850	22275	23821	Biosynthesis	AT5G11320	XP_021994810.1	-1.075132	-1.377183	-1.388472	-0.743113	0.159732	-0.156194	-0.543377	-0.106049	1	0	1	0	0	0	0	0	1	0	0	0	0	0
YUC5	tig00079144	22828	25367	Biosynthesis	AT5G43890	XP_022034592.1	-0.628936	-0.545767	-1.610264	-1.064223	0.715735	-0.612193	-0.060615	0.360932	0	0	0	0	0	0	0	0	0	0	0	0	0	0
YUC6	tig00039653	8552	10004	Biosynthesis	AT5G25620	XP_021986818.1	-1.210874	-1.259655	-1.834392	-0.973411	0.033326	-0.952914	0.374637	-0.487732	0	0	0	0	0	0	0	0	0	0	0	0	0	0
YUC7	tig00260265	49529	53535	Biosynthesis	AT2G33230	XP_022001611.1	2.36336	2.144839	1.463364	1.934346	2.713376	2.368421	2.11044	2.06294	0	0	0	0	1	0	0	0	1	0	0	0	0	0
YUC8	tig00090654	10031	11453	Biosynthesis	AT4G28720	XP_021985221.1	0.981311	0.904062	0.664749	0.8733	1.297405	1.15418	1.928863	1.32303	1	0	0	0	0	0	0	0	0	0	0	0	0	0
YUC9	tig01935708	4131	10920	Biosynthesis	AT1G04180	XP_022034657.1	-1.288462	-1.267263	-0.863274	-0.582899	0.29604	-0.619217	0.030588	0.175028	0	0	0	0	0	0	1	0	1	0	0	0	0	0
ZAT6	tig00250569	13724	14377	Biosynthesis	AT5G04340	XP_021983471.1	2.025575	2.245141	0.003425	2.079851	3.031127	2.782716	2.762576	2.578632	0	0	0	0	0	0	1	1	1	1	0	0	0	0
DAO1	tig01930277	2727	22887	Conjugation	AT1G14130	XP_021994002.1	-0.777549	-0.749447	-1.588501	-0.453862	0.375294	-0.244835	-0.589768	-0.202685	0	0	1	0	1	1	0	0	2	1	0	0	0	0
ECH2	tig00248999	20084	25845	Conjugation	AT1G76150	XP_022008673.1	2.333831	1.871403	0.71497	2.485568	3.185117	3.120001	3.008934	2.86895	1	0	0	0	1	0	1	0	2	0	0	0	0	0
GH3.1	tig00148133	7865	9848	Conjugation	AT2G14960	XP_021987992.1	3.167795	3.114014	1.746552	2.621945	3.080595	3.345782	3.067743	3.024822	0	0	0	0	0	0	0	0	0	0	0	0	0	0
GH3.15_1	tig00061967	11677	21852	Conjugation	AT5G13370	XP_022039465.1	0.314331	0.47546	-0.567953	-0.947676	0.401192	0.449077	-0.091258	0.510606	0	0	1	1	1	1	0	0	2	2	0	0	0	0
GH3.15_2	tig00254103	23793	25838	Conjugation	AT5G13370	XP_022039465.1	3.0421	2.80421	1.594872	2.779792	3.142632	3.414932	2.831707	2.916497	1	0	0	0	0	0	0	0	0	0	0	0	0	0
GH3.17	tig00050583	10124	12765	Conjugation	AT1G28130	XP_022033458.1	-1.517231	-1.549188	-2.358662	-1.7566	-0.230074	-1.269483	-1.282856	-0.625828	0	0	0	0	0	0	0	0	0	0	0	0	0	0
GH3.2	tig00077080	8210	10465	Conjugation	AT4G37390	XP_021983258.1	2.723164	2.943815	1.590446	2.704374	3.376914	3.152879	3.00461	2.648224	0	0	1	0	0	0	0	0	1	0	0	0	0	0
GH3.3	tig00058443	4748	6884	Conjugation	AT2G23170	XP_022001485.1	-1.219976	-1.202893	-2.142563	0.159887	-0.713811	-1.090867	-0.8177	-0.763996	1	1	0	0	0	0	0	0	0	0	0	0	0	0
GH3.4_1	tig00022850	202	2554	Conjugation	AT1G59500	XP_022005491.1	-0.817611	-0.926481	-2.101369	-1.103929	1.192862	-0.691802	-0.143252	0.086762	1	0	1	0	1	1	0	0	2	1	0	0	0	0
GH3.4_2	tig00100969	1969	4145	Conjugation	AT1G59500	XP_022005491.1	-1.356386	-1.548881	-1.489437	-1.311657	-0.291057	-0.741407	-0.669107	-0.224323	1	0	0	0	1	0	1	0	2	0	0	0	0	0
GH3.5	tig00261663	11902	14045	Conjugation	AT4G27260	XP_022001455.1	-1.554842	-1.615522	-1.468922	-1.613285	-0.035769	-0.589492	-0.794928	-0.795887	0	0	0	0	0	0	0	0	0	0	0	0	0	0
GH3.6	tig00000700	25123	27208	Conjugation	AT5G54510	XP_021993185.1	2.005014	2.278265	1.044214	1.395237	3.194801	2.85747	2.736363	2.430525	0	0	0	0	0	0	0	0	0	0	0	0	0	0
GH3.9	tig01934478	3985	6634	Conjugation	AT2G47750	XP_021968963.1	-1.63192	-1.630173	-1.341263	-0.985034	-0.11899	-1.115749	-0.87564	-0.713476	0	0	0	0	0	0	0	0	0	0	0	0	0	0
IAMT1_1	tig01928650	198235	199249	Conjugation	AT5G55250	XP_021993317.1	-0.004351	-0.17672	-1.854208	-0.888304	0.992946	-1.487821	0.576176	0.124995	0	0	0	0	0	0	0	0	0	0	0	0	0	0
IAMT1_2	tig00250798	91173	143526	Conjugation	AT5G55250	XP_021993317.1	-1.08408	-0.972459	-1.097662	-1.095095	0.178871	-0.259782	-0.010639	0.158126	1	1	1	1	1	1	1	1	3	3	1	1	1	1
IBR1_1	tig00002025	3704	4451	Conjugation	AT4G05530	XP_021987438.1	-0.874837	-1.09257	-2.077286	0.269506	-0.444992	-1.196198	0.138676	0.399143	0	0	0	0	0	0	1	0	1	0	0	0	0	0
IBR1_2	tig01934465	7318	8610	Conjugation	AT4G05530	XP_021987438.1	-1.87941	-2.200677	-2.306796	-1.484957	-1.460508	-1.034885	-0.455158	-0.416379	1	0	0	0	1	0	0	0	1	0	0	0	0	0
IBR10_1	tig00013396	66772	67479	Conjugation	AT4G14430	XP_022030032.1	-0.618564	-0.37859	-1.641032	-0.76639	-0.248844	-0.71654	-0.757852	0.03587	0	0	0	0	0	0	1	1	1	1	0	0	0	0
IBR10_2	tig00259434	46300	46986	Conjugation	AT4G14430	XP_022030032.1	0.824712	0.574985	-1.118613	-0.063274	1.705108	-0.370963	0.334722	0.402865	0	0	0	0	0	0	0	0	0	0	0	0	0	0
IBR3_1	tig00008790	37410	41696	Conjugation	AT3G06810	XP_022023116.1	-1.143627	-1.235923	-2.253204	-0.942937	0.282423	-0.621653	-0.574738	-0.875126	0	0	0	0	0	0	0	0	0	0	0	0	0	0
IBR3_2	tig01936130	3500	5075	Conjugation	AT3G06810	XP_022023116.1	-1.03619	-1.095628	-0.928898	-1.045536	0.360365	-1.005815	-0.254545	-0.513194	0	0	1	0	0	0	0	0	1	0	0	0	0	0
ILL1	tig00048243	26584	29378	Conjugation	AT5G56650	XP_021997101.1	1.64599	1.661862	0.421968	1.900252	3.001467	2.725215	2.103186	2.104104	0	0	1	0	0	0	1	0	2	0	0	0	0	0
ILL2	tig00254626	41287	43472	Conjugation	AT5G56660	XP_021982840.1	-0.21717	-0.47015	-0.795309	-1.222697	0.526884	-0.553039	-0.013594	-1.72937	0	0	0	0	0	0	1	0	1	0	0	0	0	0
ILL3	tig00020598	62154	66387	Conjugation	AT5G54140	XP_022027178.1	-0.947334	-0.664734	-1.973904	-1.647242	-0.582209	-1.688734	-0.984745	-1.613229	1	1	0	0	0	0	0	0	0	0	0	0	0	0
ILL4	tig00249433	39444	42097	Conjugation	AT1G51760	XP_021976128.1	-0.763874	-0.497658	-1.196964	-0.058213	0.543453	0.155404	-0.474984	-0.226718	1	0	0	0	0	0	0	0	0	0	0	0	0	0
ILL6	tig00039254	20461	22945	Conjugation	AT1G44350	XP_021982841.1	-0.751126	-0.825211	-1.767003	-0.789525	0.389603	0.188586	-0.621987	-0.384346	0	0	1	0	1	1	0	0	2	1	0	0	0	0
ILR1_1	tig00017814	38063	40668	Conjugation	AT3G02875	XP_021989706.1	-1.754465	-1.805907	-1.641583	-1.643306	-1.005571	-1.678316	-1.326198	-1.5754	1	0	0	0	0	0	0	0	0	0	0	0	0	0
ILR1_2	tig00246397	75057	77312	Conjugation	AT3G02875	XP_021989706.1	-1.191466	-0.998276	-1.378939	-1.16992	0.06619	0.058529	-0.995118	-1.489121	0	0	1	0	0	0	0	0	1	0	0	0	0	0
ILR1_3	tig00252884	15825	18989	Conjugation	AT3G02875	XP_021989706.1	-0.907645	-0.834476	-1.660821	-0.406441	0.397455	-0.181241	0.155922	-0.513546	1	0	1	0	1	0	0	0	2	0	0	0	0	0
MES1	tig00246989	36012	78521	Conjugation	AT2G23620	XP_022011255.1	-0.636323	-0.659737	-0.895234	-0.715368	0.261973	0.018398	-0.092483	0.251797	1	1	1	1	1	0	1	1	3	2	1	0	1	0
MES16	tig00010599	15113	16107	Conjugation	AT4G16690	XP_021974104.1	-1.298725	-1.466746	-1.304916	-0.97433	0.893479	-0.594714	-0.253822	-0.269108	1	0	0	0	0	0	0	0	0	0	0	0	0	0
MES17	tig00250996	23166	24160	Conjugation	AT3G10870	XP_021974105.1	-1.213226	-0.981743	-1.354349	-0.742662	0.099859	-0.687571	-0.261661	-0.077984	0	0	0	0	0	0	0	0	0	0	0	0	0	0
MES18_1	tig00010584	53770	54798	Conjugation	AT5G58310	XP_021977206.1	-0.56062	-0.005928	-1.292173	-1.612794	0.120985	-0.066219	-0.717175	-0.599013	0	0	0	0	0	0	0	0	0	0	0	0	0	0
MES18_2	tig00013081	11977	16487	Conjugation	AT5G58310	XP_021977206.1	0.001421	-0.128024	-0.736342	-0.046705	0.845144	0.816699	0.333336	0.301744	1	0	1	0	0	0	1	0	2	0	0	0	0	0
MES2_1	tig00031078	13486	15356	Conjugation	AT2G23600	XP_021997126.1	-0.939392	-0.277957	-1.017528	-0.281185	0.247692	-0.036096	0.852873	-0.47502	1	0	0	0	0	0	1	0	1	0	0	0	0	0
MES2_2	tig00261130	35447	37520	Conjugation	AT2G23600	XP_021997126.1	-0.898504	-1.1556	-1.467248	-1.048159	-0.163989	-1.022994	-0.882472	-0.880756	1	0	1	0	0	0	0	0	1	0	0	0	0	0
MES3	tig01929099	15736	16722	Conjugation	AT2G23610	XP_021998602.1	-1.984381	-1.6161	-2.334898	-0.737373	-1.76768	-2.199155	0.436585	-1.885401	0	0	0	0	0	0	1	0	1	0	0	0	0	0
MES7	tig01932475	4902	8280	Conjugation	AT2G23560	XP_022006262.1	-1.246517	-0.960193	-1.410499	-0.866634	0.312551	-0.383861	-0.233598	-0.10995	1	1	1	0	1	0	0	0	2	0	0	0	0	0
MES9_1	tig00015352	15508	19433	Conjugation	AT4G37150	XP_022011382.1	-0.818492	-0.870251	-0.603454	-0.420486	0.359246	0.389277	0.423061	0.021701	1	1	0	0	0	0	1	0	1	0	0	0	0	0
MES9_2	tig00068784	6772	12533	Conjugation	AT4G37150	XP_022011382.1	-1.291537	-1.334648	-1.028487	-1.033278	0.301963	-0.210112	0.035739	0.378448	0	0	1	1	0	0	0	0	1	1	0	0	0	0
PEX4	tig01930615	26070	28052	Conjugation	AT5G25760	XP_021970685.1	-1.146053	-1.21328	-1.891471	-1.269328	-0.215677	-1.352128	-1.244505	-1.56385	1	0	1	0	0	0	1	0	2	0	0	0	0	0
PEX5_1	tig00253943	17447	22699	Conjugation	AT5G56290	XP_022039624.1	-1.025847	-0.909784	-1.889066	-0.804213	0.48271	-0.727513	-0.856819	-0.42174	0	0	1	0	0	0	0	0	1	0	0	0	0	0
PEX5_2	tig01939252	18293	21688	Conjugation	AT5G56290	XP_022039624.1	-1.614204	-1.393308	-1.212697	-1.367111	-0.433401	-0.673102	-0.584887	-0.602703	0	0	1	0	0	0	0	0	1	0	0	0	0	0
PEX5_3	tig01939253	4971	5698	Conjugation	AT5G56290	XP_022039624.1	-1.164851	-1.072065	-1.587005	-0.658289	-0.349296	-0.942334	-0.893081	0.000118	0	0	0	0	0	0	0	0	0	0	0	0	0	0
PEX6_1	tig01928645	173459	174985	Conjugation	AT1G03000	XP_021994644.1	-2.047032	-1.924147	-1.271229	-1.756529	0.944077	-1.555185	-0.502524	-0.707512	0	0	0	0	1	0	0	0	1	0	0	0	0	0
PEX6_2	tig00254322	38460	45257	Conjugation	AT1G03000	XP_021994644.1	-0.863526	-1.020446	-2.073556	-0.997871	-1.947358	-2.376368	0.175573	0.223152	0	0	0	0	0	0	0	0	0	0	0	0	0	0
PEX7	tig00025216	5148	6092	Conjugation	AT1G29260	XP_022037653.1	-1.894495	-1.898775	-2.348275	-1.961809	-1.546279	-1.633683	-1.227128	-0.001921	1	0	0	0	0	0	0	0	0	0	0	0	0	0
PXA1_1	tig00090994	169	12262	Conjugation	AT4G39850	XP_022029538.1	-1.181799	-1.333167	-1.455969	-0.971853	0.217763	-0.452155	-0.555815	-0.102677	1	0	0	0	0	0	0	0	0	0	0	0	0	0
PXA1_2	tig01929813	45736	57465	Conjugation	AT4G39850	XP_022029538.1	-1.136298	-1.145476	-1.80012	-0.961019	-0.220512	-1.378775	-0.539815	-0.124266	1	0	0	0	0	0	0	0	0	0	0	0	0	0
UGT84B1	tig00003991	71143	72549	Conjugation	AT2G23260	XP_021988659.1	-0.866615	-0.47425	-0.864173	-0.048013	-0.484322	0.244429	-0.499991	-0.48676	1	0	0	0	1	0	0	0	1	0	0	0	0	0
ABCB1_1	tig01928645	26280	32417	Transport	AT2G36910	XP_022006000.1	-1.032868	-1.272541	-1.674631	-1.409466	0.179387	-0.572994	-1.097429	-0.422403	1	1	1	0	0	0	1	0	2	0	0	0	0	0
ABCB1_2	tig00054243	4581	11821	Transport	AT2G36910	XP_022006000.1	-1.096096	-1.020066	-1.660396	-0.736128	0.167161	-0.642164	-0.752355	-0.658016	1	0	1	0	1	0	0	0	2	0	0	0	0	0
ABCB1_3	tig00085389	62	5905	Transport	AT2G36910	XP_022006000.1	-0.759594	-0.703825	-1.426216	-0.383079	0.214636	-0.468227	-0.266539	-0.01865	1	1	1	1	0	0	0	0	1	1	0	0	0	0
ABCB1_4	tig01938284	10299	17302	Transport	AT2G36910	XP_022006000.1	-0.890154	-0.807807	-1.502631	-1.207734	0.280664	-0.491339	-0.089239	-0.013624	0	0	1	0	0	0	0	0	1	0	0	0	0	0
ABCB11	tig00004051	6676	30295	Transport	AT1G02520	XP_022037610.1	-0.798747	-0.815358	-0.815045	-0.586758	0.108455	-0.091836	-0.264171	-0.260125	1	1	0	0	1	1	1	1	2	2	0	0	0	0
ABCB14	tig00247449	73612	126746	Transport	AT1G28010	XP_022008734.1	-1.038181	-0.975874	-1.265444	-0.843079	0.136723	-0.339134	-0.470918	-0.002338	1	1	1	0	1	1	1	1	3	2	1	0	1	0
ABCB15	tig00246355	16354	44189	Transport	AT3G28345	XP_022005456.1	-0.374411	-0.456008	-0.753041	-0.282207	0.831978	-0.006919	0.115721	0.21744	1	1	1	1	1	1	1	1	3	3	1	1	1	1
ABCB19_1	tig00039203	28208	36223	Transport	AT3G28860	XP_021983322.1	-0.949079	-0.840445	-1.723587	-0.3949	0.388703	0.015039	-0.248584	0.339411	1	0	1	0	1	0	1	1	3	1	1	0	1	0
ABCB19_2	tig00076716	15116	22305	Transport	AT3G28860	XP_021983322.1	-0.959043	-1.078161	-1.95878	-1.605868	-0.077053	-1.096764	-0.222306	-0.559882	1	0	0	0	1	0	0	0	1	0	0	0	0	0
ABCB21	tig01938718	26189	71470	Transport	AT3G62150	XP_021987750.1	-1.105803	-1.12601	-1.341514	-0.881831	0.148878	-0.087841	-0.069746	-0.009935	1	0	1	0	1	0	1	0	3	0	1	0	1	0
ABCB4_1	tig00002501	177701	182924	Transport	AT2G47000	XP_022010381.1	0.477699	0.53642	-1.443851	0.114251	1.55878	0.147676	0.048724	0.329031	1	0	1	1	0	0	0	0	1	1	0	0	0	0
ABCB4_2	tig00043574	17955	22363	Transport	AT2G47000	XP_022010381.1	-1.360011	-1.470835	-1.994539	-1.366574	-0.587587	-0.938269	-0.659741	-0.539045	0	0	1	0	0	0	0	0	1	0	0	0	0	0
ABCB4_3	tig00047013	31969	36981	Transport	AT2G47000	XP_022010381.1	-1.71846	-1.604722	-2.010453	-1.24239	-0.263671	-1.036453	-1.977586	-2.100813	0	0	1	0	0	0	0	0	1	0	0	0	0	0
ABCB6_1	tig00009506	44630	54081	Transport	AT2G39480	XP_021977056.1	0.054923	0.111	-0.48219	0.33556	1.164867	1.305839	0.7499	0.953522	1	0	0	0	0	0	1	0	1	0	0	0	0	0
ABCB6_2	tig00031894	28101	34779	Transport	AT2G39480	XP_021977056.1	0.405625	0.664482	-0.267739	0.717316	1.410007	1.141651	0.976156	1.21837	1	0	1	0	0	0	0	0	1	0	0	0	0	0
ABCB6_3	tig00125552	15193	24885	Transport	AT2G39480	XP_021977056.1	-0.834973	-0.883656	-0.893976	-0.845269	0.680086	-0.027038	-0.188583	-0.045278	0	0	1	0	1	0	1	0	3	0	1	0	0	0
ABCB6_4	tig00253833	50570	100458	Transport	AT2G39480	XP_021977056.1	-0.898058	-0.957305	-0.880814	-0.777652	0.107002	-0.10365	-0.121502	-0.236065	1	1	1	0	1	1	1	1	3	2	1	0	1	0
AUX1	tig00001776	66667	69711	Transport	AT2G38120	XP_021970336.1	2.254961	2.43119	0.813318	2.481439	2.493669	2.398367	2.481648	2.616147	1	0	1	0	0	0	0	0	1	0	0	0	0	0
LAX2	tig00051845	37526	40906	Transport	AT2G21050	XP_022023354.1	-1.115868	-1.471568	-1.617011	-0.492483	0.177846	-0.356692	-0.413728	-0.569	1	0	0	0	1	0	0	0	1	0	0	0	0	0
LAX3	tig00021987	37106	38152	Transport	AT1G77690	XP_021970776.1	-1.05287	-1.079831	-0.937406	-1.654824	0.216865	0.190074	-0.54224	0.136775	0	0	0	0	0	0	1	0	1	0	0	0	0	0
PILS1_1	tig00003092	2719	27443	Transport	AT1G20925	XP_022009931.1	-0.118731	-0.11678	-0.500173	0.258511	1.039456	0.484736	0.372995	0.757837	1	0	1	1	1	0	1	1	3	2	1	0	1	0
PILS1_2	tig00006365	600	48481	Transport	AT1G20925	XP_022009931.1	-0.809081	-0.807038	-0.989227	-0.668059	0.2135	-0.154486	-0.230446	-0.029608	1	1	1	0	1	1	1	1	3	2	1	0	1	0
PILS2_1	tig00011385	60781	62130	Transport	AT1G71090	XP_021983060.1	-0.997359	-1.341	-2.243394	-0.938428	-0.47602	-0.525153	-0.79933	-2.538025	0	0	0	0	0	0	0	0	0	0	0	0	0	0
PILS2_2	tig00088862	19780	21137	Transport	AT1G71090	XP_021983060.1	-1.430994	-1.69193	-2.140468	-1.9192	-0.527243	-1.626134	-1.524438	-0.596711	0	0	0	0	0	0	1	1	1	1	0	0	0	0
PILS3_1	tig00106914	7173	9778	Transport	AT1G76520	XP_022009928.1	-0.977772	-1.047046	-1.412041	-1.134677	0.041041	-0.408415	-0.618088	-0.597189	1	0	1	1	1	0	1	1	3	2	1	0	1	0
PILS3_2	tig01930276	4039	6819	Transport	AT1G76520	XP_022009928.1	-0.104982	-0.417992	-0.982315	-0.569776	0.26043	0.229732	0.593629	0.588556	0	0	0	0	0	0	1	0	1	0	0	0	0	0
PILS4_1	tig00100702	1367	15424	Transport	AT1G76530	XP_021990295.1	-0.259023	-0.150979	-0.511486	-0.352119	0.713134	0.297005	-0.054959	0.33413	1	1	1	1	0	0	1	1	2	2	0	0	0	0
PILS4_2	tig00261553	4104	25823	Transport	AT1G76530	XP_021990295.1	-0.638332	-0.661747	-0.765382	-0.278682	0.654466	0.106172	0.176774	0.176871	1	1	1	0	1	0	1	1	3	1	1	0	1	0
PILS5	tig00250726	17130	31517	Transport	AT2G17500	XP_022009852.1	-0.375419	-0.771662	-1.610893	-0.105389	1.225607	0.482003	0.568589	-0.540727	1	1	1	0	0	0	1	0	2	0	0	0	0	0
PILS6	tig01930657	5291	7715	Transport	AT5G01990	XP_021987794.1	-1.145794	-0.929633	-1.353495	-0.73676	0.62173	-0.385967	-0.506136	-1.044297	1	0	0	0	0	0	0	0	0	0	0	0	0	0
PILS7_1	tig00098859	9079	11920	Transport	AT5G65980	XP_022015966.1	-1.712258	-1.668468	-1.470164	-1.381075	-0.715092	-0.892583	-0.992199	-0.208885	0	0	0	0	0	0	1	1	1	1	0	0	0	0
PILS7_2	tig00248349	15830	18407	Transport	AT5G65980	XP_022015966.1	-0.697592	-0.896122	-2.024872	-1.231841	-0.77148	-0.623937	-0.790889	-0.089216	0	0	1	0	0	0	1	0	2	0	0	0	0	0
PIN1	tig00247392	50120	52390	Transport	AT1G73590	XP_021970548.1	2.033504	1.900928	1.115827	2.292494	2.379578	3.186482	3.367644	2.833556	0	0	0	0	0	0	0	0	0	0	0	0	0	0
PIN2	tig00063194	3591	7079	Transport	AT5G57090	XP_022037655.1	-0.20478	-0.13434	-1.616592	-0.160983	0.440748	0.242881	-0.901566	-0.539503	1	0	0	0	0	0	0	0	0	0	0	0	0	0
PIN3	tig00069434	11097	13311	Transport	AT1G70940	XP_022040537.1	-0.195208	-0.191315	-1.257782	0.517994	0.572499	0.373845	0.217239	0.156001	1	0	0	0	0	0	0	0	0	0	0	0	0	0
PIN4	tig01928635	20227	31911	Transport	AT2G01420	XP_021976374.1	0.136483	0.228264	-0.151532	-0.045646	0.9229	0.834413	0.631696	0.844696	1	0	1	0	1	0	1	1	3	1	1	0	1	0
PIN5_1	tig00069920	5690	6025	Transport	AT5G16530	XP_022037122.1	2.209896	2.193319	0.464624	2.095862	2.310457	2.708073	2.374418	2.248641	0	0	0	0	0	0	0	0	0	0	0	0	0	0
PIN5_2	tig01940109	9096	10859	Transport	AT5G16530	XP_022037122.1	2.131565	2.283055	1.060122	2.08785	2.837246	2.857183	2.486864	2.30808	1	1	0	0	0	0	0	0	0	0	0	0	0	0
PIN6	tig00255162	46127	52390	Transport	AT1G77110	XP_021971563.1	0.610232	0.815955	-0.850792	0.208097	0.338209	0.807526	0.484767	1.171151	1	0	0	0	0	0	0	0	0	0	0	0	0	0
PIN7	tig00035004	7687	10654	Transport	AT1G23080	XP_021997409.1	-0.378179	-0.483688	-1.311743	-0.68274	0.524524	0.359041	0.341443	0.929012	1	0	1	0	1	0	1	1	3	1	1	0	1	0
PIN8_1	tig00016857	79787	80974	Transport	AT5G15100	XP_022007044.1	-0.877673	-0.92062	-1.692184	-1.366153	-0.500575	-2.075588	-0.587247	-0.476126	0	0	0	0	0	0	0	0	0	0	0	0	0	0
PIN8_2	tig00245832	101262	102588	Transport	AT5G15100	XP_022007044.1	-1.389184	-1.282961	-1.759005	-1.214127	0.268985	-1.148644	-0.905366	0.093017	0	0	0	0	0	0	1	0	1	0	0	0	0	0
WAT1_1	tig00010421	48637	50853	Transport	AT1G75500	XP_022038587.1	-1.011174	-0.472789	-1.311397	-1.54349	0.870177	-0.727499	0.07167	-0.693503	1	1	1	0	0	0	1	1	2	1	0	0	0	0
WAT1_2	tig00109490	7055	14611	Transport	AT1G75500	XP_022038587.1	-1.164181	-1.187988	-1.233007	-0.792264	0.171313	-0.373697	-0.166714	-0.21893	1	0	1	0	1	1	0	0	2	1	0	0	0	0
WAT1_3	tig01932332	19238	20759	Transport	AT1G75500	XP_022038587.1	-1.749719	-1.87513	-1.733926	-1.519071	-1.080564	-0.787037	-1.039318	-0.49913	0	0	0	0	0	0	0	0	0	0	0	0	0	0
WAT1-related_1	tig00018677	22828	71517	Transport	AT1G21890	XP_022006043.1	-0.737657	-0.735189	-1.05061	-0.770676	0.68664	0.117776	-0.381185	0.362339	1	1	1	0	1	1	1	1	3	2	1	0	1	0
WAT1-related_2	tig00100977	8830	10389	Transport	AT1G21890	XP_022006043.1	-1.570494	-1.525309	-1.241146	-1.283967	0.506335	0.160814	-0.449544	-0.501061	0	0	1	0	0	0	1	0	2	0	0	0	0	0
5PTASE13_1	tig00055595	18954	23162	Localisation	AT1G05630	XP_021982458.1	-1.442501	-1.525937	-1.514472	-1.446537	-0.350571	-0.959179	-0.797228	-0.654754	0	0	1	0	0	0	0	0	1	0	0	0	0	0
5PTASE13_2	tig00067451	16089	20761	Localisation	AT1G05630	XP_021982458.1	-1.398888	-1.483364	-1.718081	-1.897052	-1.590466	-0.873596	-0.859531	-0.975178	0	0	0	0	0	0	0	0	0	0	0	0	0	0
AGC1-12	tig01933382	2624	5961	Localisation	AT3G44610	XP_022005711.1	-0.244214	-0.394157	-0.718044	0.258926	1.542423	0.804274	1.064091	1.061076	1	1	0	0	1	1	0	0	1	1	0	0	0	0
CPI1_1	tig00090013	14186	16117	Localisation	AT5G50375	XP_021984128.1	-1.490935	-1.650165	-1.59269	-0.870221	-0.092402	-0.161293	-0.358191	-0.426801	0	0	0	0	1	0	0	0	1	0	0	0	0	0
CPI1_2	tig00095047	15511	17317	Localisation	AT5G50375	XP_021984128.1	-1.241183	-1.240121	-1.896987	-0.81474	-0.297867	-0.798755	-0.726196	-0.300213	0	0	0	0	0	0	0	0	0	0	0	0	0	0
CRK5_1	tig00013570	13382	14726	Localisation	AT4G23130	XP_021975138.1	-1.232141	-1.393616	-1.903443	-1.302583	-0.00736	-0.432006	-1.148012	-1.427251	0	0	1	0	0	0	0	0	1	0	0	0	0	0
CRK5_2	tig00017035	32773	34097	Localisation	AT4G23130	XP_021975138.1	-0.67846	-0.644012	-1.251313	-0.195907	-0.377658	-1.102158	0.083798	-0.117128	1	0	0	0	1	0	0	0	1	0	0	0	0	0
D6PKL1_1	tig00060234	11349	12659	Localisation	AT4G26610	XP_022039563.1	-0.924851	-0.722006	-1.106105	-1.325592	0.509088	-1.083914	-0.690935	-0.062201	1	0	1	0	0	0	0	0	1	0	0	0	0	0
D6PKL1_2	tig00099384	1338	11375	Localisation	AT4G26610	XP_022039563.1	-0.743993	-0.690778	-1.606488	-0.726362	0.154574	0.036255	-0.065047	-0.003706	1	0	1	0	1	0	1	0	3	0	1	0	1	0
D6PKL2_1	tig00002231	79854	81243	Localisation	AT5G47750	XP_022015365.1	-0.973408	-0.643587	-1.83548	-0.534628	-2.166919	-2.141845	-2.123305	-1.789811	0	0	0	0	0	0	0	0	0	0	0	0	0	0
D6PKL2_2	tig00003316	130194	131429	Localisation	AT5G47750	XP_022015365.1	2.026375	2.373784	0.65924	1.952055	2.953572	2.974161	2.549334	2.673811	1	0	0	0	0	0	0	0	0	0	0	0	0	0
D6PKL3_1	tig00245365	10040	12106	Localisation	AT3G27580	XP_022011543.1	-1.102626	-0.954721	-2.391516	-0.940859	-0.409374	-0.696891	-1.709992	-2.446778	1	0	0	0	0	0	0	0	0	0	0	0	0	0
D6PKL3_2	tig00245373	210437	212494	Localisation	AT3G27580	XP_022011543.1	-1.644556	-1.839206	-1.523188	-1.630668	-0.567759	-0.72059	-1.110287	-0.66539	0	0	0	0	0	0	0	0	0	0	0	0	0	0
ENP1_1	tig00247952	62533	64617	Localisation	AT4G31820	XP_022005488.1	-1.518757	-1.606496	-1.41365	-2.225574	-0.353175	-0.037746	-0.791209	-0.265672	0	0	0	0	1	1	0	0	1	1	0	0	0	0
ENP1_2	tig00248484	100689	102110	Localisation	AT4G31820	XP_022005488.1	0.511157	0.210106	0.139303	0.783846	1.283361	1.472513	1.311303	1.16846	1	0	0	0	0	0	0	0	0	0	0	0	0	0
GNL1_1	tig00068127	12963	17873	Localisation	AT5G39500	XP_021970758.1	-1.466304	-1.830621	-1.87246	-1.674492	-0.692362	-1.500869	-0.783695	-1.245218	0	0	0	0	0	0	0	0	0	0	0	0	0	0
GNL1_2	tig01932760	6170	11135	Localisation	AT5G39500	XP_021970758.1	1.980403	2.068964	1.252778	1.714249	3.679274	2.823839	2.8192	2.522848	0	0	0	0	1	0	0	0	1	0	0	0	0	0
GNOM_1	tig00013335	93225	97634	Localisation	AT1G13980	XP_021981453.1	-1.754746	-1.297454	-1.85491	-1.470503	-0.7825	-0.671773	-0.566881	-1.257614	1	0	0	0	1	0	0	0	1	0	0	0	0	0
GNOM_2	tig00022180	58797	62816	Localisation	AT1G13980	XP_021981453.1	-2.073587	-2.022431	-1.858576	-1.816678	-1.083623	-1.422999	-1.322677	-1.281086	0	0	0	0	1	0	0	0	1	0	0	0	0	0
GNOM_3	tig00050117	1644	6551	Localisation	AT1G13980	XP_021981453.1	-1.854788	-1.856028	-1.905203	-1.414523	-0.656089	-1.313785	-1.884699	-1.267968	0	0	0	0	1	0	0	0	1	0	0	0	0	0
GNOM_4	tig00245715	179922	184542	Localisation	AT1G13980	XP_021981453.1	-1.802685	-1.64071	-1.745424	-1.658659	-0.124313	-0.947163	0.086738	-1.074911	1	0	0	0	0	0	0	0	0	0	0	0	0	0
HAP13_1	tig00053414	14897	17145	Localisation	AT1G60780	XP_021998066.1	-1.059025	-1.009237	-1.209921	-1.347789	0.586339	-0.799327	-0.134657	-0.3739	1	0	1	0	0	0	1	0	2	0	0	0	0	0
HAP13_2	tig01938351	18725	20945	Localisation	AT1G60780	XP_021998066.1	-1.713224	-1.762017	-1.99251	-2.436157	-0.693274	-1.518941	-0.892014	-1.244755	0	0	1	0	0	0	0	0	1	0	0	0	0	0
ICR2_1	tig00245881	95623	97479	Localisation	AT2G37080	XP_021973203.1	-0.989796	-1.189692	-1.852733	-1.042071	-0.032198	-0.381375	-1.166511	-1.440254	0	0	0	0	0	0	0	0	0	0	0	0	0	0
ICR2_2	tig00249397	13894	15749	Localisation	AT2G37080	XP_021973203.1	-1.063524	-0.822273	-1.385893	-1.111146	0.143481	-0.761175	0.020005	-0.755325	1	1	0	0	0	0	0	0	0	0	0	0	0	0
PBP1_1	tig00040858	16245	16550	Localisation	AT5G54490	XP_021993188.1	1.900287	1.96904	0.663926	2.129083	2.487895	2.941727	2.001561	2.172329	0	0	0	0	0	0	0	0	0	0	0	0	0	0
PBP1_2	tig00134010	869	1225	Localisation	AT5G54490	XP_021993188.1	-1.555679	-1.158439	-1.528879	-1.575202	-0.202492	-1.38749	-1.900954	-1.585329	0	0	0	0	0	0	0	0	0	0	0	0	0	0
PDK_1	tig00008723	41438	42166	Localisation	AT5G04510	XP_021976880.1	1.691812	1.905896	0.679741	1.978968	1.968346	1.574747	1.683597	3.034857	0	0	0	0	0	0	0	0	0	0	0	0	0	0
PDK_2	tig00027343	42792	45857	Localisation	AT5G04510	XP_021976880.1	-1.117431	-1.193657	-2.096556	-1.260045	0.349751	-0.697378	-0.915157	-0.812193	0	0	0	0	0	0	0	0	0	0	0	0	0	0
PID_1	tig00046504	6818	8032	Localisation	AT2G34650	XP_021990350.1	1.82394	1.418177	0.926463	0.745948	2.309475	2.483876	2.456373	2.029601	1	0	0	0	1	0	0	0	1	0	0	0	0	0
PID_2	tig00053874	5436	7548	Localisation	AT2G34650	XP_021990350.1	1.57671	1.989318	0.988363	1.594073	2.144222	1.473302	1.519973	1.439464	0	0	1	0	0	0	0	0	1	0	0	0	0	0
PID2	tig00046406	10331	12647	Localisation	AT2G26700	XP_021996696.1	-1.072821	-1.181692	-1.642549	-1.102997	0.661431	-0.110091	-0.344579	-1.014379	1	0	0	0	1	0	0	0	1	0	0	0	0	0
PIP5K2_1	tig00027996	29314	32785	Localisation	AT1G77740	XP_022012253.1	-0.287335	-0.580145	-1.604403	-0.435109	0.602155	0.267712	-0.603301	0.085517	1	0	1	0	0	0	1	0	2	0	0	0	0	0
PIP5K2_2	tig00249428	31450	34886	Localisation	AT1G77740	XP_022012253.1	-0.745047	-0.70578	-1.537586	-1.417009	-0.540457	-0.401705	0.332725	-0.067081	0	0	1	0	1	0	0	0	2	0	0	0	0	0
PP2A-A1	tig00259325	16708	20647	Localisation	AT1G25490	XP_021976566.1	-0.683358	-0.62283	-2.367783	-0.985888	0.080241	-0.038779	-0.502528	-0.674046	0	0	1	0	0	0	1	0	2	0	0	0	0	0
PP2A-A2	tig01930126	10528	14699	Localisation	AT3G25800	XP_022015502.1	2.376525	2.456862	0.860254	2.123453	2.466461	2.656957	3.188381	2.889459	1	0	0	0	0	0	0	0	0	0	0	0	0	0
PP2A-A3_1	tig00247316	58897	62888	Localisation	AT1G13320	XP_022011755.1	-0.97177	-0.823132	-1.764106	-1.471554	-0.015158	-0.773881	-0.076038	-0.570109	1	0	0	0	0	0	0	0	0	0	0	0	0	0
PP2A-A3_2	tig00252540	30349	34707	Localisation	AT1G13320	XP_022011755.1	-1.284881	-1.383328	-1.114931	-1.167814	0.032474	-0.6246	-0.441414	-0.245969	1	0	0	0	1	0	0	0	1	0	0	0	0	0
RIC1_1	tig01931036	20353	20715	Localisation	AT2G33460	XP_022037094.1	-1.87316	-1.992061	-1.783854	-1.403451	0.117167	-0.008404	-0.922625	-0.091892	0	0	0	0	0	0	0	0	0	0	0	0	0	0
RIC1_2	tig01933380	5697	6113	Localisation	AT2G33460	XP_022037094.1	-0.150965	-0.901234	-0.857377	-1.21162	0.510574	-0.235258	0.694478	1.344984	0	0	0	0	0	0	0	0	0	0	0	0	0	0
RIC4	tig00048081	19853	20591	Localisation	AT5G16490	XP_022008868.1	-1.6019	-1.410168	-1.252028	-1.210442	-0.146937	-1.548525	-1.024903	-1.159761	0	0	1	0	0	0	0	0	1	0	0	0	0	0
ROP2	tig00252332	39969	41095	Localisation	AT1G20090	XP_021988969.1	-1.744063	-1.524846	-1.834799	-1.196652	-0.988239	-0.731432	-1.312479	-0.980262	0	0	0	0	0	0	0	0	0	0	0	0	0	0
ROP3	tig00060784	21881	22982	Localisation	AT2G17800	XP_021982486.1	-1.028608	-0.89686	-1.210532	-1.204207	-0.075005	-0.060851	-0.740146	-2.43188	0	0	0	0	0	0	1	0	1	0	0	0	0	0
ROP4	tig00001605	31672	32533	Localisation	AT1G75840	XP_022020887.1	2.509569	2.309911	1.007081	2.360386	2.751325	2.623656	2.640122	2.270575	0	0	0	0	0	0	0	0	0	0	0	0	0	0
ROP6	tig00087849	17864	19623	Localisation	AT4G35020	XP_022020850.1	-1.805685	-1.711374	-1.480961	-0.911529	-0.091698	-0.673949	-0.588926	-0.550878	0	0	0	0	1	0	0	0	1	0	0	0	0	0
SIC	tig00021469	57382	59063	Localisation	AT4G24500	XP_022030179.1	0.263357	-0.01442	-2.027385	-0.811682	0.324319	-0.603724	-0.709239	0.302622	0	0	0	0	0	0	0	0	0	0	0	0	0	0
SMT1_1	tig00023718	30414	33382	Localisation	AT5G13710	XP_022021619.1	-1.236155	-1.343898	-1.494537	-1.258412	-1.539298	0.2515	-0.456797	-0.176595	0	0	1	0	0	0	0	0	1	0	0	0	0	0
SMT1_2	tig00054033	21793	24077	Localisation	AT5G13710	XP_022021619.1	-0.498422	-0.299728	-1.928714	-0.397266	0.427439	0.132857	0.128938	0.36839	1	0	0	0	0	0	0	0	0	0	0	0	0	0
SNX1_1	tig00014300	15325	56238	Localisation	AT5G06140	XP_021972841.1	-0.715175	-0.771004	-1.136685	-0.657784	0.139409	-0.219998	-0.010777	0.295413	1	1	1	0	1	1	1	1	3	2	1	0	1	0
SNX1_2	tig00079401	17568	31275	Localisation	AT5G06140	XP_021972841.1	-0.669045	-0.738102	-0.956115	-0.616258	0.410648	-0.102475	0.142387	0.290092	1	1	1	0	1	1	1	1	3	2	1	0	1	0
SPK1_1	tig00024841	47082	57782	Localisation	AT4G16340	XP_021969771.1	-1.097463	-1.149587	-1.454492	-1.24548	-0.598117	-0.760045	-0.654635	-0.068153	1	1	0	0	0	0	1	1	1	1	0	0	0	0
SPK1_2	tig00035731	9459	20480	Localisation	AT4G16340	XP_021969771.1	-1.444552	-1.518266	-1.8831	-2.025726	-1.819562	-0.57424	-0.673066	-0.608749	0	0	1	0	1	0	1	0	3	0	1	0	0	0
TCH3_1	tig00021797	89592	89993	Localisation	AT2G41100	XP_022037255.1	-1.302027	-1.544206	-1.77802	-1.0702	-0.594287	-1.180221	-1.22894	-1.043701	0	0	1	0	0	0	0	0	1	0	0	0	0	0
TCH3_2	tig00088235	5445	5816	Localisation	AT2G41100	XP_022037255.1	-1.633473	-1.420497	-1.982866	-1.44034	0.293603	-1.06707	-1.024104	0.264494	0	0	0	0	0	0	0	0	0	0	0	0	0	0
TWD_1	tig00007018	100439	103785	Localisation	AT3G21640	XP_021989240.1	-1.680623	-1.488123	-1.756364	-0.970349	-1.023982	-2.072686	-1.111737	-0.789041	1	1	0	0	0	0	0	0	0	0	0	0	0	0
TWD_2	tig00049293	27183	30682	Localisation	AT3G21640	XP_021989240.1	-1.742164	-1.900577	-1.463957	-1.3455	0.239235	-0.330102	-0.697846	-0.083119	0	0	0	0	0	0	0	0	0	0	0	0	0	0
VPS29_1	tig00052169	27505	28457	Localisation	AT3G47810	XP_022005523.1	-0.999154	-1.332222	-1.607315	-1.189232	0.03734	-1.118713	-1.234439	-1.172788	1	0	0	0	0	0	0	0	0	0	0	0	0	0
VPS29_2	tig01929235	68147	69636	Localisation	AT3G47810	XP_022005523.1	-0.965015	-0.876267	-2.181898	-0.882272	-1.293967	-2.037105	-0.007071	-0.287549	0	0	1	1	0	0	0	0	1	1	0	0	0	0
WAG1	tig00056342	21555	22706	Localisation	AT1G53700	XP_021989535.1	-0.122792	-0.978186	-1.521877	-1.31339	-1.758074	-1.276244	-0.942745	-0.359696	0	0	0	0	0	0	0	0	0	0	0	0	0	0
WAG2	tig00080536	1671	2813	Localisation	AT3G14370	XP_021993019.1	-0.839036	-0.750631	-1.389538	-1.388967	-0.237601	-0.856689	-0.059953	-0.688152	0	0	1	0	1	0	0	0	2	0	0	0	0	0
AFB1	tig00019342	57351	59735	Signalling	AT4G03190	XP_021987578.1	1.421354	1.822806	0.522795	1.701155	2.053021	1.416026	1.735866	1.799993	1	0	0	0	0	0	0	0	0	0	0	0	0	0
AFB2	tig00256008	49112	51998	Signalling	AT3G26810	XP_021987576.1	-1.261318	-1.027967	-1.841108	-1.50339	-0.177798	0.082551	-0.164335	-0.737833	0	0	0	0	0	0	0	0	0	0	0	0	0	0
AFB3	tig00012245	8663	10950	Signalling	AT1G12820	XP_022010591.1	-1.446532	-1.178055	-1.948228	-0.99126	0.124978	-0.913742	-0.515585	-0.10872	1	0	0	0	0	0	0	0	0	0	0	0	0	0
AFB4	tig00056486	5089	7449	Signalling	AT4G24390	XP_022039849.1	-0.341503	-0.559102	-1.83395	-1.619442	-1.253459	-2.344958	0.137129	0.289658	0	0	1	0	0	0	0	0	1	0	0	0	0	0
AFB5	tig00264537	14851	17125	Signalling	AT5G49980	XP_022012450.1	-0.82526	-0.834787	-1.828862	-0.849564	-1.059251	-1.653679	-0.009483	0.265883	0	0	1	0	0	0	0	0	1	0	0	0	0	0
ARF1_1	tig01928650	60020	63587	Signalling	AT1G59750	XP_021994418.1	-1.193073	-1.041967	-1.735059	-1.688023	-0.071513	-0.861864	-0.997091	-1.296843	0	0	0	0	0	0	1	0	1	0	0	0	0	0
ARF1_2	tig00123196	1153	9841	Signalling	AT1G59750	XP_021994418.1	-0.696956	-0.698963	-2.215704	-1.10288	0.013856	-0.644964	0.243648	-0.492303	1	0	1	0	0	0	0	0	1	0	0	0	0	0
ARF10_1	tig00032148	25452	27460	Signalling	AT2G28350	XP_022005824.1	0.746702	0.707049	0.102185	1.070978	2.021641	1.648043	1.398428	1.173261	0	0	0	0	0	0	1	0	1	0	0	0	0	0
ARF10_2	tig00053361	18466	20919	Signalling	AT2G28350	XP_022005824.1	-1.53306	-1.463201	-1.578937	-0.925068	0.047521	-0.511521	-0.18835	-0.103975	1	0	1	0	1	0	0	0	2	0	0	0	0	0
ARF11_1	tig00081450	3096	5823	Signalling	AT2G46530	XP_021972719.1	-1.01929	-1.169196	-1.562963	-0.304951	0.213773	-0.412148	-1.287847	-0.730825	0	0	0	0	0	0	0	0	0	0	0	0	0	0
ARF11_3	tig01929854	16673	17781	Signalling	AT2G46530	XP_021972719.1	-1.441508	-1.564997	-1.697016	-1.359057	0.601678	-0.482663	-0.731267	-0.650157	0	0	0	0	0	0	0	0	0	0	0	0	0	0
ARF12_1	tig00139300	1870	5518	Signalling	AT1G34310	XP_021969213.1	-1.28074	-1.202503	-1.195829	-0.207033	0.996377	-0.19434	1.197423	-0.374478	1	1	0	0	1	1	0	0	1	1	0	0	0	0
ARF12_2	tig00246756	33561	34208	Signalling	AT1G34310	XP_021969213.1	-1.283613	-1.301174	-1.794237	-0.642519	-0.189494	-0.971835	-1.40663	-1.697822	0	0	0	0	0	0	0	0	0	0	0	0	0	0
ARF13_1	tig00050114	13146	13827	Signalling	AT1G34170	XP_021972720.1	-1.300018	-1.530268	-1.680772	-0.860732	-0.944275	-0.807743	-0.92915	-0.934843	0	0	1	0	0	0	0	0	1	0	0	0	0	0
ARF13_2	tig00073213	47118	47762	Signalling	AT1G34170	XP_021972720.1	-1.52578	-1.760272	-1.623712	-1.45279	-1.664657	-1.53571	0.298493	-0.298738	0	0	0	0	0	0	0	0	0	0	0	0	0	0
ARF13_3	tig00254079	6784	7469	Signalling	AT1G34170	XP_021972720.1	-0.773733	-0.627996	-1.600866	-0.551924	0.409602	-0.630832	-0.715184	-0.635315	0	0	0	0	0	0	0	0	0	0	0	0	0	0
ARF14_1	tig00028821	14700	16896	Signalling	AT1G35540	XP_022025197.1	-1.229409	-0.944099	-1.398685	-1.2913	0.584771	-0.368402	0.527906	-0.989581	0	0	0	0	1	1	0	0	1	1	0	0	0	0
ARF14_2	tig00047128	22177	23164	Signalling	AT1G35540	XP_022025197.1	-0.844994	-0.897577	-0.539181	-0.545631	0.432254	-0.583572	-0.035882	-0.105025	0	0	0	0	0	0	0	0	0	0	0	0	0	0
ARF15_1	tig00025200	14025	18397	Signalling	AT1G35520	XP_022011328.1	-0.893297	-1.033625	-1.797877	-0.720266	0.078368	-1.015637	0.395118	0.624273	1	0	0	0	0	0	0	0	0	0	0	0	0	0
ARF15_2	tig00111036	249	4379	Signalling	AT1G35520	XP_022011328.1	-0.503791	-1.070499	-1.588868	-1.623354	0.2926	-0.42119	0.394655	0.289881	0	0	1	0	0	0	0	0	1	0	0	0	0	0
ARF15_3	tig00251159	41770	42816	Signalling	AT1G35520	XP_022011328.1	-0.454942	-0.62561	-1.402038	-0.967191	0.524303	1.209894	-0.83942	-1.496894	0	0	0	0	0	0	0	0	0	0	0	0	0	0
ARF16_1	tig01929675	59158	61534	Signalling	AT4G30080	XP_022006195.1	-0.74294	-0.648307	-1.316917	-1.130591	0.690512	-0.754765	-0.708509	-1.345627	0	0	0	0	0	0	1	0	1	0	0	0	0	0
ARF16_2	tig00075696	26434	27015	Signalling	AT4G30080	XP_022006195.1	-1.727349	-1.683804	-1.026713	-1.354407	0.055989	-0.571256	-0.802523	0.134583	0	0	0	0	0	0	0	0	0	0	0	0	0	0
ARF17_1	tig00011653	21286	22272	Signalling	AT1G77850	XP_021976959.1	-1.680916	-1.849748	-1.658416	-1.017473	-0.639929	-0.996894	-1.33194	-1.040395	0	0	0	0	0	0	0	0	0	0	0	0	0	0
ARF17_2	tig00042038	5703	8246	Signalling	AT1G77850	XP_021976959.1	0.256703	0.305148	-0.509112	-0.002821	0.914307	0.136337	0.306442	-0.529342	0	0	1	0	1	1	0	0	2	1	0	0	0	0
ARF18_1	tig00010504	36510	39443	Signalling	AT3G61830	XP_021981621.1	-0.331005	-0.25954	-0.459156	0.283312	-0.009568	0.493071	0.147697	0.236912	0	0	0	0	0	0	0	0	0	0	0	0	0	0
ARF19_1	tig00037502	8903	11448	Signalling	AT1G19220	XP_021981468.1	-0.396414	0.052627	-2.44731	-2.211277	-1.025213	-1.321871	-1.555179	-1.046213	1	0	0	0	0	0	0	0	0	0	0	0	0	0
ARF19_2	tig00249980	67491	71458	Signalling	AT1G19220	XP_021981468.1	-0.931121	-1.086276	-2.042182	-0.690279	0.705497	-0.457616	0.523366	-0.102841	1	0	1	0	0	0	1	0	2	0	0	0	0	0
ARF2_1	tig00250846	16963	20934	Signalling	AT5G62000	XP_022038866.1	1.814597	1.932473	1.468145	1.7736	2.476574	2.407455	2.523387	1.962829	0	0	0	0	0	0	0	0	0	0	0	0	0	0
ARF2_2	tig01929303	9156	12073	Signalling	AT5G62000	XP_022038866.1	1.064466	1.063181	0.177203	0.901456	1.84226	1.614315	1.780684	1.319306	1	0	1	0	0	0	1	0	2	0	0	0	0	0
ARF21	tig00067666	26056	33362	Signalling	AT1G34410	XP_022038300.1	-1.50553	-1.53604	-1.401402	-1.418385	-0.1081	-0.980926	-1.428008	-1.075051	0	0	0	0	1	0	0	0	1	0	0	0	0	0
ARF22_1	tig00060475	20864	21838	Signalling	AT1G34390	XP_021975677.1	-1.554012	-1.746152	-1.965918	-2.116163	0.006093	-0.481732	-0.308122	-1.667069	0	0	0	0	0	0	0	0	0	0	0	0	0	0
ARF22_2	tig00103766	5612	8326	Signalling	AT1G34390	XP_021975677.1	-0.835111	-0.82788	-2.153591	0.307495	0.265578	-0.057713	-1.409697	1.000213	1	1	0	0	0	0	0	0	0	0	0	0	0	0
ARF3_1	tig00036741	25597	28282	Signalling	AT2G33860	XP_022035336.1	-0.931885	-1.376873	-1.983127	-1.241379	-1.185615	-1.213665	-0.14949	-1.763095	1	0	0	0	1	0	0	0	1	0	0	0	0	0
ARF3_2	tig00039403	18958	19986	Signalling	AT2G33860	XP_022035336.1	-0.41814	-0.505952	-1.48228	-0.65243	-1.616102	-0.08275	0.599374	-0.719677	1	0	0	0	1	0	0	0	1	0	0	0	0	0
ARF3_3	tig00090657	22732	25360	Signalling	AT2G33860	XP_022035336.1	-1.235577	-1.40412	-1.70282	-1.056536	-0.187703	-0.56171	0.109592	-1.053001	1	0	0	0	1	0	1	0	2	0	0	0	0	0
ARF4_1	tig00003582	109428	111976	Signalling	AT5G60450	XP_022005856.1	-1.552967	-1.439048	-1.739241	-0.865194	0.104061	-0.235998	-0.0846	-0.337639	0	0	0	0	0	0	0	0	0	0	0	0	0	0
ARF4_2	tig00041875	3907	8040	Signalling	AT5G60450	XP_022005856.1	-1.165647	-0.969407	-1.236862	-1.154547	0.325676	-0.746065	-0.984177	-0.656741	0	0	0	0	0	0	1	1	1	1	0	0	0	0
ARF4_3	tig01928627	290976	291950	Signalling	AT5G60450	XP_022005856.1	-0.310925	-0.236513	-1.554815	-0.983188	-0.079865	-0.656726	0.29658	0.88013	0	0	0	0	0	0	0	0	0	0	0	0	0	0
ARF5_1	tig00032576	11207	16344	Signalling	AT1G19850	XP_021978401.1	-1.908915	-2.266599	-2.360638	-1.817364	-1.537445	-1.341798	-2.523832	-1.713454	1	0	1	0	1	0	0	0	2	0	0	0	0	0
ARF5_2	tig00082547	1439	4992	Signalling	AT1G19850	XP_021978401.1	-1.140052	-1.032088	-1.355527	-1.37569	-0.46196	-0.089346	0.150031	-0.566012	1	1	1	0	0	0	0	0	1	0	0	0	0	0
ARF5_3	tig00249380	16783	21365	Signalling	AT1G19850	XP_021978401.1	-1.579871	-1.656377	-1.676754	-1.616561	-0.047329	-1.128051	-0.549587	-0.958543	1	0	0	0	0	0	0	0	0	0	0	0	0	0
ARF6_1	tig00085151	10806	14574	Signalling	AT1G30330	XP_022012151.1	-0.684984	-0.919531	-1.584482	-0.751241	0.085418	-0.553038	-0.499974	-0.344708	0	0	0	0	0	0	1	0	1	0	0	0	0	0
ARF6_2	tig00251154	9800	74520	Signalling	AT1G30330	XP_022012151.1	-0.6632	-0.695342	-1.537348	-0.683929	0.058264	-0.113774	-0.186698	-0.659364	1	1	1	0	1	0	1	1	3	1	1	0	1	0
ARF7_1	tig00008761	5437	6483	Signalling	AT5G20730	XP_022027149.1	-1.228168	-1.143185	-2.094503	-1.54947	1.061524	-0.51666	-0.287672	-0.877054	0	0	0	0	0	0	0	0	0	0	0	0	0	0
ARF7_2	tig00062681	21229	25786	Signalling	AT5G20730	XP_022027149.1	-1.203715	-1.213531	-1.743495	-2.017894	-0.789346	-0.746817	-0.116004	-0.222963	0	0	1	0	1	0	0	0	2	0	0	0	0	0
ARF8_1	tig00056324	48258	55040	Signalling	AT5G37020	XP_022009902.1	-0.505869	-0.766331	-0.844072	-0.502521	0.633883	0.229555	0.198664	0.120638	1	0	1	0	0	0	0	0	1	0	0	0	0	0
ARF8_2	tig01933434	8	6359	Signalling	AT5G37020	XP_022009902.1	0.153728	0.261596	0.024054	0.47534	1.26247	0.751777	0.861566	0.799081	1	1	1	0	1	1	1	0	3	1	1	0	1	0
ARF9_1	tig01933433	728	6810	Signalling	AT4G23980	XP_022002059.1	-0.74024	-0.883984	-1.216357	-0.208417	0.58571	-0.158825	-0.047156	0.211985	1	0	1	0	0	0	0	0	1	0	0	0	0	0
ARF9_2	tig01939139	27346	28485	Signalling	AT4G23980	XP_022002059.1	1.344404	1.495333	0.527852	1.281726	2.049609	1.855722	2.002297	2.000142	1	0	0	0	0	0	0	0	0	0	0	0	0	0
ASK1_1	tig00005703	59558	63333	Signalling	AT1G75950	XP_022021245.1	-0.010024	0.566958	0.623499	0.405797	2.333576	1.415598	0.403015	-1.044872	1	1	0	0	0	0	1	0	1	0	0	0	0	0
ASK1_2	tig00105695	3477	3875	Signalling	AT1G75950	XP_022021245.1	-1.565782	-1.326923	-1.849733	-0.227968	-1.751036	-1.526766	-1.391751	1.859752	1	0	0	0	0	0	0	0	0	0	0	0	0	0
ASK2_1	tig00070045	15022	30641	Signalling	AT5G42190	XP_021998294.1	0.216232	0.078286	-0.525531	0.240703	0.832838	0.846884	1.029137	0.751985	1	0	0	0	0	0	1	0	1	0	0	0	0	0
AXL1	tig00088852	5662	8595	Signalling	AT2G32410	XP_022038063.1	-0.618388	-0.213695	-1.71351	-0.718138	0.424521	-0.034984	0.028987	-0.501339	0	0	0	0	0	0	1	0	1	0	0	0	0	0
AXR1	tig00262471	3893	6826	Signalling	AT1G05180	XP_022038063.1	-1.429161	-1.370987	-1.638455	-0.823582	-1.6052	-1.312773	0.588546	0.40803	0	0	1	0	1	0	0	0	2	0	0	0	0	0
CAND1_1	tig00249164	81989	97557	Signalling	AT2G02560	XP_022010960.1	-1.63994	-1.638289	-1.616346	-1.30435	-0.816604	-1.289402	-1.196882	-1.790707	1	0	0	0	1	0	1	0	2	0	0	0	0	0
CNS1	tig00247671	77599	92852	Signalling	AT3G61140	XP_022024866.1	-0.440576	-0.375528	-0.37072	-0.182389	0.791652	0.602407	0.731523	0.433148	1	0	1	0	1	1	1	0	3	1	1	0	1	0
CNS2	tig00013517	13405	16020	Signalling	AT2G26990	XP_022036155.1	-0.979849	-0.864232	-1.360774	-1.714067	-0.854194	-2.089843	-0.093317	-0.898654	1	0	0	0	0	0	0	0	0	0	0	0	0	0
CNS4	tig00096673	9187	12090	Signalling	AT5G42970	XP_022015789.1	-1.384536	-1.209472	-1.808443	-1.221038	-0.30466	-0.945946	-1.833376	-1.264332	0	0	1	0	1	1	1	0	3	1	1	0	0	0
CNS5_1	tig00009195	26744	29104	Signalling	AT1G22920	XP_022025950.1	-0.34968	-0.295729	-1.011424	-0.414718	0.244382	-0.095514	-0.228638	-0.267154	1	0	1	0	1	0	0	0	2	0	0	0	0	0
CNS5_2	tig00027384	18901	21269	Signalling	AT1G22920	XP_022025950.1	-0.91619	-0.955536	-1.65969	-0.984751	0.141311	-0.025484	-0.213938	-0.243386	0	0	1	0	0	0	1	0	2	0	0	0	0	0
CNS6A	tig00066275	8260	12559	Signalling	AT5G56280	XP_022001646.1	-0.727364	-0.795877	-1.859644	-0.761492	0.907319	-1.286946	0.65521	-0.031607	1	0	0	0	1	0	0	0	1	0	0	0	0	0
CSN6B	tig00036808	6680	10686	Signalling	AT4G26430	XP_022028570.1	-0.738821	-0.600053	-1.923803	-1.093849	0.199392	0.100935	-0.571858	-0.650353	0	0	0	0	0	0	0	0	0	0	0	0	0	0
CSN7	tig00120915	9162	12785	Signalling	AT1G02090	XP_022002034.1	-0.633234	-0.620108	-0.725931	-0.730827	0.458716	0.575935	0.572817	0.502677	1	0	0	0	0	0	1	0	1	0	0	0	0	0
CSN8	tig00249218	25497	27490	Signalling	AT4G14110	XP_022027705.1	-0.567055	-0.21652	-0.780783	-0.845379	-0.047425	-0.56852	0.069337	-0.195664	1	0	1	0	1	0	0	0	2	0	0	0	0	0
CUL1	tig00015901	66981	74101	Signalling	AT4G02570	XP_022001695.1	-1.080865	-0.892971	-0.886679	-0.88483	0.822814	0.323603	0.577695	0.606127	1	0	0	0	0	0	1	0	1	0	0	0	0	0
ECR1_1	tig00003524	17048	21803	Signalling	AT5G19180	XP_022018349.1	-1.308384	-1.329339	-1.531826	-0.972117	-0.027343	-0.358336	-0.449685	-0.040157	1	0	0	0	1	0	0	0	1	0	0	0	0	0
ECR1_2	tig00075109	1935	5264	Signalling	AT5G19180	XP_022018349.1	-0.777086	-0.921565	-1.709394	-1.484414	0.113389	-0.341353	-0.128088	0.061096	1	0	1	0	1	0	1	0	3	0	1	0	1	0
HSP90.2	tig00255639	35606	55146	Signalling	AT5G56030	XP_022001550.1	-0.349543	-0.459226	-1.461177	-0.374333	0.589732	0.239351	0.111901	-0.008345	1	0	1	0	0	0	1	0	2	0	0	0	0	0
IAA1	tig00251991	3799	4501	Signalling	AT4G14560	XP_022010833.1	-0.918486	-0.961422	-1.604201	-0.480808	0.487891	-0.212533	-1.233422	-0.573224	0	0	0	0	0	0	0	0	0	0	0	0	0	0
IAA10_1	tig00014260	82409	83289	Signalling	AT1G04100	XP_021981981.1	0.007301	-0.070589	-1.873937	-1.023776	-0.734109	0.041003	-0.742336	-0.375895	0	0	0	0	0	0	0	0	0	0	0	0	0	0
IAA10_2	tig00034175	46910	47578	Signalling	AT1G04100	XP_021981981.1	-1.325127	-0.868177	-1.765357	-1.023539	-0.981319	-0.977795	-0.872455	-0.909531	0	0	0	0	0	0	0	0	0	0	0	0	0	0
IAA11_1	tig00070442	9434	10104	Signalling	AT4G28640	XP_021994018.1	-1.433369	-1.489726	-1.382913	-1.24815	-0.573638	-0.521622	-0.349942	-0.713777	0	0	0	0	0	0	0	0	0	0	0	0	0	0
IAA11_2	tig00088031	17942	18847	Signalling	AT4G28640	XP_021994018.1	-0.206488	0.189092	-1.40267	-1.060208	1.144924	0.71497	-1.192605	-0.854347	0	0	0	0	0	0	0	0	0	0	0	0	0	0
IAA12_1	tig00031488	14378	14917	Signalling	AT1G04550	XP_021987302.1	-0.768922	-1.183264	-1.891383	-1.86116	0.584327	-0.003213	0.969041	0.467122	1	0	0	0	0	0	0	0	0	0	0	0	0	0
IAA13_1	tig00016743	58872	59571	Signalling	AT2G33310	XP_022010778.1	-1.496881	-1.40485	-1.753005	-1.424561	-0.089642	-1.117263	-0.676925	-0.261008	1	0	0	0	0	0	0	0	0	0	0	0	0	0
IAA13_2	tig01931249	32868	33441	Signalling	AT2G33310	XP_022010778.1	-1.377823	-1.107799	-1.768222	-1.100644	0.169098	-1.294508	-0.791672	-1.509555	0	0	0	0	0	0	0	0	0	0	0	0	0	0
IAA14	tig01931247	16551	18500	Signalling	AT4G14550	XP_022030064.1	-0.420809	-0.602369	-1.368662	-1.343101	0.468349	0.32287	-0.046441	-0.116566	0	0	0	0	1	1	1	0	2	1	0	0	0	0
IAA15_1	tig00015877	28944	29960	Signalling	AT1G80390	XP_022017432.1	1.399512	1.075169	0.496601	0.661838	2.251206	1.870276	1.831285	2.443983	1	0	1	0	0	0	1	0	2	0	0	0	0	0
IAA15_2	tig00257654	58038	58211	Signalling	AT1G80390	XP_022017432.1	-0.751077	-0.815891	-1.261824	-0.772384	1.962051	-0.200636	0.329782	-1.187092	0	0	0	0	1	0	0	0	1	0	0	0	0	0
IAA16_1	tig00030173	1335	2582	Signalling	AT3G04730	XP_022010696.1	-1.314641	-1.268079	-2.122553	-1.273825	-0.805238	-0.328016	-1.19471	-1.350454	0	0	0	0	1	0	0	0	1	0	0	0	0	0
IAA16_2	tig00245924	10449	11071	Signalling	AT3G04730	XP_022010696.1	-0.601378	-0.536583	-1.261659	-0.690415	0.142429	-1.181259	-0.630829	-0.404398	0	0	0	0	0	0	0	0	0	0	0	0	0	0
IAA17_1	tig00033714	9472	10119	Signalling	AT1G04250	XP_021980992.1	2.621972	2.437848	1.045843	1.79764	2.702082	2.635487	3.175738	2.512766	0	0	0	0	0	0	0	0	0	0	0	0	0	0
IAA17_2	tig00078902	21354	22734	Signalling	AT1G04250	XP_021980992.1	-1.164049	-1.209801	-1.334024	-1.025025	-0.193814	-0.687261	-1.024635	-0.720574	0	0	0	0	0	0	0	0	0	0	0	0	0	0
IAA18	tig00026097	51039	51565	Signalling	AT1G51950	XP_021984415.1	-1.176256	-0.902582	-1.614911	-0.715717	-0.05076	-0.379665	-1.135506	-0.737702	1	0	0	0	0	0	0	0	0	0	0	0	0	0
IAA19	tig00003819	20695	21144	Signalling	AT3G15540	XP_021998890.1	-1.507203	-1.502841	-2.527859	-1.552016	-0.957499	-1.605502	-0.896633	-0.551356	0	0	1	0	0	0	0	0	1	0	0	0	0	0
IAA2_1	tig00014525	3166	3546	Signalling	AT3G23030	XP_022034873.1	-0.958667	-0.816738	-1.326572	-1.017343	0.164459	-0.661012	-0.400425	0.101434	0	0	0	0	0	0	0	0	0	0	0	0	0	0
IAA2_2	tig01933532	7451	8285	Signalling	AT3G23030	XP_022034873.1	-1.336337	-1.184664	-2.001039	-1.309144	-0.45301	-0.641944	0.048863	-0.61051	0	0	0	0	0	0	0	0	0	0	0	0	0	0
IAA20	tig00073701	18311	18819	Signalling	AT2G46990	XP_021968801.1	-1.689664	-1.818654	-2.133599	-1.964235	-0.910404	-1.366894	-1.942164	-1.782736	1	0	0	0	0	0	0	0	0	0	0	0	0	0
IAA26	tig00024217	4579	5094	Signalling	AT3G16500	XP_021972782.1	-0.451571	-0.492029	-1.545126	-0.506536	0.605302	-0.621873	-0.672987	-0.45335	0	0	0	0	0	0	0	0	0	0	0	0	0	0
IAA27	tig00249230	38449	39521	Signalling	AT4G29080	XP_021970494.1	-1.194037	-1.171305	-1.014864	-0.971347	0.050531	-0.333992	0.144	-0.360805	0	0	0	0	0	0	0	0	0	0	0	0	0	0
IAA28	tig00245829	92370	93486	Signalling	AT5G25890	XP_022040354.1	1.441488	1.335443	-0.079831	1.493007	2.414908	2.424444	2.747559	2.397233	0	0	0	0	0	0	0	0	0	0	0	0	0	0
IAA29_1	tig00025291	5698	6074	Signalling	AT4G32280	XP_021992536.1	-1.724043	-1.914665	-1.126211	-2.113652	0.216316	-1.898069	-1.786319	-0.755212	0	0	0	0	0	0	0	0	0	0	0	0	0	0
IAA29_2	tig00126986	2699	5424	Signalling	AT4G32280	XP_021992536.1	-1.261096	-1.390368	-1.768655	-1.229943	-1.126353	-1.075436	-0.087486	0.332133	0	0	0	0	0	0	0	0	0	0	0	0	0	0
IAA3	tig00054393	5528	6298	Signalling	AT1G04240	XP_021970263.1	-0.340499	-0.186362	-1.379735	-0.466669	0.606139	-0.443388	0.304972	0.407733	0	0	0	0	0	0	0	0	0	0	0	0	0	0
IAA32	tig00008806	15188	16090	Signalling	AT2G01200	XP_022010169.1	-0.593231	-1.13893	-1.875732	-0.935125	1.214881	-2.059945	0.396296	-1.551296	1	0	0	0	1	1	1	1	2	2	0	0	0	0
IAA34_1	tig00017237	14417	14870	Signalling	AT1G15050	XP_022034571.1	-1.528528	-1.12634	-1.191775	-0.8506	0.645433	-0.101212	-0.62365	-0.226258	0	0	0	0	0	0	0	0	0	0	0	0	0	0
IAA34_2	tig00018600	40527	40631	Signalling	AT1G15050	XP_022034571.1	-1.191355	-0.913982	1.017135	-0.885986	-1.660541	-1.344337	-0.784407	-1.543259	0	0	0	0	0	0	0	0	0	0	0	0	0	0
IAA4	tig00100579	15366	16025	Signalling	AT5G43700	XP_021987412.1	1.061058	1.468778	0.283991	0.119437	2.258109	1.847504	1.250269	1.609055	0	0	0	0	0	0	0	0	0	0	0	0	0	0
IAA5_1	tig00063419	16772	18075	Signalling	AT1G15580	XP_021984391.1	-0.393927	-0.719071	-1.4447	-1.198626	0.958861	-1.228807	0.380489	-0.181616	1	0	0	0	0	0	0	0	0	0	0	0	0	0
IAA5_2	tig00252036	20843	21115	Signalling	AT1G15580	XP_021984391.1	-0.0976	-0.630338	-0.959306	-0.565098	-0.432837	0.285652	-0.74577	-0.625356	0	0	0	0	0	0	0	0	0	0	0	0	0	0
IAA7_1	tig00061438	18799	19269	Signalling	AT3G23050	XP_022002823.1	2.182811	2.44388	1.693493	2.882622	2.860922	2.541038	2.792717	1.826205	0	0	0	0	0	0	0	0	0	0	0	0	0	0
IAA8_1	tig00011452	112485	113012	Signalling	AT2G22670	XP_021983110.1	-1.883225	-2.039754	-1.074591	-1.30079	-0.27364	-0.988784	-0.68693	-0.09086	0	0	0	0	0	0	0	0	0	0	0	0	0	0
IAA8_2	tig01933643	3142	3657	Signalling	AT2G22670	XP_021983110.1	0.008465	-0.420726	-0.216664	0.350157	0.384503	0.36626	-0.018404	1.233368	0	0	0	0	0	0	0	0	0	0	0	0	0	0
IAA9_1	tig00250375	44389	47113	Signalling	AT5G65670	XP_021983108.1	-0.699704	-0.866757	-0.017082	0.109409	0.039046	-0.050248	-0.302347	0.199158	0	0	0	0	0	0	0	0	0	0	0	0	0	0
IAA9_2	tig00254796	8697	9341	Signalling	AT5G65670	XP_021983108.1	-0.472832	-0.467682	-1.905892	-1.758453	-0.963372	0.69029	-1.50324	1.150713	1	0	1	0	0	0	0	0	1	0	0	0	0	0
RBX1_1	tig00079695	3380	5922	Signalling	AT5G20570	XP_022016917.1	-0.151326	-0.245868	-1.670574	-1.024378	0.062958	0.13503	0.458095	-0.98084	0	0	1	0	1	0	1	0	3	0	1	0	0	0
RBX1_2	tig00262780	30802	32210	Signalling	AT5G20570	XP_022016917.1	-0.364681	-0.419648	-1.655126	-0.353077	0.237301	-0.634492	0.07409	0.159595	0	0	1	0	1	0	0	0	2	0	0	0	0	0
RCE1_1	tig00052264	9510	11546	Signalling	AT4G36800	XP_021983666.1	-1.239509	-0.988475	-1.404502	-1.396387	-0.290603	-0.339041	-1.303958	-0.261117	0	0	1	0	1	0	0	0	2	0	0	0	0	0
RUB1_1	tig00027890	20093	21678	Signalling	AT1G31340	XP_022009571.1	-1.539981	-1.710531	-1.181973	-1.523957	-2.411565	-1.853643	-1.086424	-1.850012	0	0	0	0	0	0	0	0	0	0	0	0	0	0
RUB1_2	tig00247531	15476	17530	Signalling	AT1G31340	XP_022009571.1	-1.469012	-1.689552	-2.567983	-1.624704	-1.203545	-1.76845	-2.185215	-2.242381	0	0	1	0	0	0	0	0	1	0	0	0	0	0
SAUR1_1	tig00105346	11082	14795	Signalling	AT4G34770	XP_022003750.1	-0.118961	-0.145384	-0.688856	0.062076	0.741668	0.616045	0.601167	0.324272	1	0	0	0	0	0	0	0	0	0	0	0	0	0
SAUR1_2	tig00251731	35620	39461	Signalling	AT4G34770	XP_022003750.1	2.056711	2.008022	1.231224	1.944546	2.809574	2.556839	2.459627	2.692343	1	0	0	0	1	0	0	0	1	0	0	0	0	0
SAUR10_1	tig00007969	6472	10424	Signalling	AT2G18010	XP_022006834.1	1.43937	1.586075	0.743117	1.594052	2.484671	2.144279	2.031426	2.038257	0	0	0	0	1	1	1	1	2	2	0	0	0	0
SAUR10_3	tig00107663	10417	10728	Signalling	AT2G18010	XP_022006834.1	-1.363936	-1.3154	-1.836675	-1.963682	-0.504378	-1.423394	-0.971325	-1.256254	0	0	0	0	0	0	0	0	0	0	0	0	0	0
SAUR10_4	tig00111377	5185	5406	Signalling	AT2G18010	XP_022006834.1	0.348159	0.444397	0.104395	0.019642	1.353325	1.020271	1.169876	0.686926	0	0	0	0	0	0	0	0	0	0	0	0	0	0
SAUR10_6	tig01933502	23331	23606	Signalling	AT2G18010	XP_022006834.1	-1.063199	-1.637104	-1.029464	-1.122148	-0.908875	-1.32498	-0.949617	-0.968135	1	0	0	0	0	0	0	0	0	0	0	0	0	0
SAUR11_1	tig00075811	11778	12029	Signalling	AT5G66260	XP_022018260.1	1.653068	1.67297	-0.359934	1.069936	2.029345	1.590215	0.600688	1.961864	0	0	0	0	0	0	0	0	0	0	0	0	0	0
SAUR11_2	tig00096728	7606	7905	Signalling	AT5G66260	XP_022018260.1	-0.797039	-1.171224	-1.652252	-0.612878	-0.351308	-1.618838	-0.303071	-0.522475	1	0	0	0	0	0	0	0	0	0	0	0	0	0
SAUR11_3	tig01929144	14952	15141	Signalling	AT5G66260	XP_022018260.1	0.771764	0.790264	-1.39924	0.301122	-0.278963	0.488808	0.100653	0.419209	0	0	0	0	0	0	0	0	0	0	0	0	0	0
SAUR11_4	tig01932826	38773	39411	Signalling	AT5G66260	XP_022018260.1	-1.771196	-1.894883	-1.325253	-1.513006	-0.174003	-1.810757	-0.14927	-0.161625	0	0	0	0	0	0	0	0	0	0	0	0	0	0
SAUR12	tig00050153	15303	15605	Signalling	AT2G21220	XP_021999905.1	0.637944	0.73235	0.26793	-0.044579	0.210724	0.955008	1.228993	1.494984	0	0	0	0	0	0	0	0	0	0	0	0	0	0
SAUR13_1	tig00059996	4375	4650	Signalling	AT4G38825	XP_022021775.1	-0.843303	-0.901171	-0.417316	-0.766571	0.042935	-1.266108	0.501489	-0.217877	0	0	0	0	0	0	0	0	0	0	0	0	0	0
SAUR13_2	tig00060722	11680	11850	Signalling	AT4G38825	XP_022021775.1	-0.37112	-0.869693	-1.952153	-0.109575	-1.197907	-0.194885	0.400807	2.7822	0	0	0	0	0	0	0	0	0	0	0	0	0	0
SAUR14	tig00032529	19799	19945	Signalling	AT4G38840	XP_022024858.1	1.064533	1.758648	-0.198063	1.401024	2.386943	-0.186682	2.657119	1.365678	0	0	0	0	0	0	0	0	0	0	0	0	0	0
SAUR15_1	tig00010874	14191	21770	Signalling	AT4G38850	XP_022025279.1	-0.789619	-0.600974	-0.873298	-0.593348	0.371472	-0.171885	0.156603	0.326073	1	1	1	0	1	1	1	1	3	2	1	0	1	0
SAUR16	tig00032301	12515	54359	Signalling	AT4G38860	XP_022006835.1	-0.635074	-0.638341	-1.064732	-0.645654	0.724375	-0.747858	0.426127	-0.235148	1	0	1	0	1	1	1	0	3	1	1	0	1	0
SAUR17_1	tig00016360	9311	9493	Signalling	AT4G09530	XP_022036499.1	0.016238	-0.510593	-1.889288	-0.497246	-0.720428	-1.944526	-1.077052	-0.916934	0	0	0	0	0	0	0	0	0	0	0	0	0	0
SAUR17_2	tig00030365	7087	7299	Signalling	AT4G09530	XP_022036499.1	-1.694898	-1.656296	-1.204067	-0.814431	-0.242451	-0.532489	-0.062345	-0.71559	0	0	0	0	0	0	0	0	0	0	0	0	0	0
SAUR17_4	tig00256317	41434	41616	Signalling	AT4G09530	XP_022036499.1	-0.873981	-0.420813	-2.059254	-1.334143	-0.344182	-1.377381	0.799445	-0.378799	0	0	0	0	0	0	0	0	0	0	0	0	0	0
SAUR17_5	tig00260240	42	245	Signalling	AT4G09530	XP_022036499.1	0.741381	0.490443	1.022431	0.894413	1.615624	1.185856	1.312293	0.582284	0	0	0	0	0	0	0	0	0	0	0	0	0	0
SAUR18	tig00085346	7930	8235	Signalling	AT3G51200	XP_022018211.1	-1.641731	-1.380823	-1.77457	-0.809988	-0.967072	-1.426565	-1.236891	-1.060676	0	0	0	0	0	0	0	0	0	0	0	0	0	0
SAUR19	tig00027337	6960	39274	Signalling	AT5G18010	XP_022021868.1	-1.012156	-1.009883	-0.678065	-0.788611	0.384481	0.260707	0.291856	0.263713	1	0	1	0	1	0	1	1	3	1	1	0	1	0
SAUR2_1	tig00011323	17468	46641	Signalling	AT4G34780	XP_022036475.1	-0.777403	-0.864066	-1.131108	-0.519379	0.019559	-0.160353	0.146582	0.110178	1	0	1	0	0	0	1	1	2	1	0	0	0	0
SAUR20	tig00246043	38384	38578	Signalling	AT5G18020	XP_022022268.1	0.083078	-0.513552	-2.253213	1.010405	-0.860658	-1.598536	-1.299039	0.151035	0	0	0	0	0	0	0	0	0	0	0	0	0	0
SAUR21	tig00085268	19892	20092	Signalling	AT5G18030	XP_022007034.1	-0.663145	-0.43567	0.632314	1.634782	1.274308	1.111046	1.974627	1.582074	0	0	0	0	0	0	0	0	0	0	0	0	0	0
SAUR22	tig00252723	12360	12599	Signalling	AT5G18050	XP_022021381.1	0.935071	1.446032	0.437535	0.883957	1.559327	1.361587	2.747948	1.946017	0	0	0	0	0	0	0	0	0	0	0	0	0	0
SAUR23_1	tig00036402	9503	19098	Signalling	AT5G18060	XP_022022369.1	-1.289753	-1.260785	-1.392509	-0.892922	0.275998	-0.163677	-0.057365	-0.233	1	0	0	0	1	0	0	0	1	0	0	0	0	0
SAUR23_2	tig00251650	29698	66404	Signalling	AT5G18060	XP_022022369.1	-0.891519	-0.974928	-0.753158	-0.283172	0.400324	-0.236955	0.034352	0.123678	1	1	1	1	1	1	1	1	3	3	1	1	1	1
SAUR24	tig00080993	2517	14262	Signalling	AT5G18080	XP_021970972.1	-0.593043	-0.579963	-0.627315	-0.352754	0.476904	0.524873	0.83515	1.016684	1	0	1	0	1	1	1	1	3	2	1	0	1	0
SAUR25_1	tig00010636	56418	71013	Signalling	AT4G13790	XP_022005372.1	-0.897628	-0.956886	-1.075106	-0.767101	0.140359	-0.469386	-0.497675	-0.467916	1	0	1	0	0	0	0	0	1	0	0	0	0	0
SAUR25_2	tig00114775	442	4963	Signalling	AT4G13790	XP_022005372.1	0.221835	-0.095605	-0.874533	0.275147	1.256519	0.185844	0.958657	0.736537	1	0	1	0	0	0	1	0	2	0	0	0	0	0
SAUR25_3	tig00246175	76161	80268	Signalling	AT4G13790	XP_022005372.1	-0.448366	-0.487556	-0.70283	-0.359433	0.813964	-0.089737	0.167592	-0.029542	1	0	1	0	1	0	1	0	3	0	1	0	1	0
SAUR25_4	tig00251971	12126	12356	Signalling	AT4G13790	XP_022005372.1	0.936462	0.584804	0.527438	0.576298	0.060777	1.211361	1.222321	0.846963	0	0	0	0	0	0	0	0	0	0	0	0	0	0
SAUR25_5	tig00261128	5229	27527	Signalling	AT4G13790	XP_022005372.1	-0.701852	-0.684426	-0.766044	-0.853598	0.273667	-0.308778	-0.31046	-0.212683	1	0	1	1	1	0	1	0	3	1	1	0	1	0
SAUR25_6	tig01931055	44578	44811	Signalling	AT4G13790	XP_022005372.1	0.023224	-0.054373	0.370256	1.051445	1.249169	1.155889	1.502012	1.51027	0	0	0	0	0	0	0	0	0	0	0	0	0	0
SAUR26_1	tig00051936	7194	7316	Signalling	AT3G03850	XP_022033195.1	-0.495607	-0.850516	-0.899959	-0.7039	-0.119065	-0.262548	-0.377435	-0.333753	0	0	0	0	0	0	0	0	0	0	0	0	0	0
SAUR26_2	tig00054076	2926	3111	Signalling	AT3G03850	XP_022033195.1	-0.585347	-1.272603	-1.818025	-1.506082	0.502321	-1.24981	-1.741926	-1.564536	0	0	0	0	0	0	0	0	0	0	0	0	0	0
SAUR26_3	tig00058681	33323	33430	Signalling	AT3G03850	XP_022033195.1	-0.011047	-0.773337	-0.496902	0.566458	0.083508	-1.115829	0.483591	0.530977	0	0	0	0	0	0	0	0	0	0	0	0	0	0
SAUR26_4	tig00075044	6891	9906	Signalling	AT3G03850	XP_022033195.1	-1.066543	-0.93276	-0.689107	-0.882977	-0.179568	0.062342	-0.265176	-0.158261	0	0	1	0	1	1	1	0	3	1	1	0	0	0
SAUR26_5	tig00084319	8769	8966	Signalling	AT3G03850	XP_022033195.1	-1.539899	-1.316743	-1.251307	-0.973037	1.099304	-0.759099	-0.462298	-1.207967	0	0	1	0	1	1	0	0	2	1	0	0	0	0
SAUR26_6	tig00118990	8747	8917	Signalling	AT3G03850	XP_022033195.1	-0.885637	-0.439885	-1.599422	-0.399346	0.094184	-1.27823	-0.661156	-0.041041	0	0	0	0	0	0	0	0	0	0	0	0	0	0
SAUR26_7	tig00251648	22601	32711	Signalling	AT3G03850	XP_022033195.1	-0.301523	-0.213498	-0.833554	0.26343	0.167222	0.015702	0.252014	-0.063146	1	0	1	1	1	0	1	1	3	2	1	0	1	0
SAUR26_8	tig01929192	11558	30550	Signalling	AT3G03850	XP_022033195.1	0.423217	0.461873	-1.156609	0.332787	1.042161	0.845199	1.092037	0.908341	1	0	1	1	1	0	1	0	3	1	1	0	1	0
SAUR27_1	tig00087020	8464	8663	Signalling	AT3G03840	XP_022023101.1	0.819889	0.951161	1.330673	1.913752	2.422231	1.654476	1.926212	2.390941	0	0	0	0	0	0	0	0	0	0	0	0	0	0
SAUR27_2	tig00087020	14952	24892	Signalling	AT3G03840	XP_022023101.1	-0.463353	-0.415763	-1.494117	-0.765857	-0.538137	0.163428	0.584503	-0.357391	1	0	1	0	1	0	0	0	2	0	0	0	0	0
SAUR27_3	tig00075681	12090	12296	Signalling	AT3G03840	XP_022023101.1	3.353769	3.088587	2.020015	2.672931	3.178801	3.339774	2.190271	2.330885	0	0	0	0	0	0	0	0	0	0	0	0	0	0
SAUR27_4	tig00251110	94085	95812	Signalling	AT3G03840	XP_022023101.1	-1.624896	-1.730475	-2.071627	-2.106257	0.893217	-1.010002	-0.929778	-1.198739	0	0	1	0	0	0	0	0	1	0	0	0	0	0
SAUR27_5	tig00257399	16074	16338	Signalling	AT3G03840	XP_022023101.1	-1.076361	-0.759106	-1.847429	1.397697	-0.071854	-0.30383	-0.833555	-0.336041	0	0	0	0	0	0	0	0	0	0	0	0	0	0
SAUR28_1	tig00019540	357	8512	Signalling	AT3G03830	XP_022022770.1	-0.070353	-0.052973	-0.732204	-0.46153	1.060837	0.580607	0.852395	0.802056	1	0	1	0	1	1	1	0	3	1	1	0	1	0
SAUR28_2	tig01937358	7484	7684	Signalling	AT3G03830	XP_022022770.1	1.128304	0.497088	-0.273813	1.022428	1.184549	0.293498	0.499678	1.005604	1	0	0	0	0	0	0	0	0	0	0	0	0	0
SAUR29	tig00062651	12914	13069	Signalling	AT3G03820	XP_022032078.1	1.180479	1.833368	-0.6277	0.487489	1.480221	-0.045721	-0.996072	1.819069	0	0	0	0	0	0	0	0	0	0	0	0	0	0
SAUR3_1	tig00103360	1489	1770	Signalling	AT4G34790	XP_022010179.1	-0.658065	-0.895208	-1.929582	-0.680465	-0.464904	-0.81313	-1.049399	-1.073807	0	0	0	0	0	0	0	0	0	0	0	0	0	0
SAUR3_2	tig01936276	3535	3813	Signalling	AT4G34790	XP_022010179.1	0.332804	-0.106161	-1.115199	-0.399557	1.23236	-0.200087	-0.054985	-0.380941	0	0	0	0	0	0	0	0	0	0	0	0	0	0
SAUR30	tig00047616	35858	36067	Signalling	AT5G53590	XP_021971082.1	0.245585	0.860139	-0.994798	0.297674	0.880224	-0.584613	0.608639	0.301492	0	0	0	0	0	0	0	0	0	0	0	0	0	0
SAUR31_1	tig00135635	13319	13813	Signalling	AT4G00880	XP_022023107.1	-0.795958	-0.115196	-1.34919	-1.709597	1.004173	0.363655	0.550176	0.018347	0	0	1	0	0	0	0	0	1	0	0	0	0	0
SAUR31_2	tig01933688	11150	11356	Signalling	AT4G00880	XP_022023107.1	2.431221	2.640057	2.014872	3.058256	2.638866	2.350635	2.508611	2.81891	0	0	0	0	0	0	0	0	0	0	0	0	0	0
SAUR32_1	tig00001646	24436	24753	Signalling	AT2G46690	XP_021969558.1	1.955172	1.974461	-0.55153	1.621472	2.243432	2.27292	2.111288	2.056208	0	0	1	0	0	0	0	0	1	0	0	0	0	0
SAUR33_1	tig00002998	3430	3660	Signalling	AT3G61900	XP_022033210.1	1.415625	1.072086	0.861602	1.509324	2.305973	2.301229	2.124877	2.143726	0	0	0	0	0	0	0	0	0	0	0	0	0	0
SAUR33_2	tig00043489	28120	28290	Signalling	AT3G61900	XP_022033210.1	-1.496107	-1.452734	-0.308176	0.287814	0.898384	1.219895	1.142907	-0.016949	0	0	0	0	0	0	0	0	0	0	0	0	0	0
SAUR33_3	tig00246351	77652	77900	Signalling	AT3G61900	XP_022033210.1	-0.277128	-0.334199	-1.543348	-1.180883	-0.550932	0.061126	-1.415476	-1.200094	0	0	0	0	0	0	0	0	0	0	0	0	0	0
SAUR33_4	tig00260636	6483	6686	Signalling	AT3G61900	XP_022033210.1	-0.404474	-0.02625	-1.487719	-0.830502	-0.355143	-0.487443	0.46238	0.900083	1	0	0	0	0	0	0	0	0	0	0	0	0	0
SAUR34	tig00018693	15684	16114	Signalling	AT4G22620	XP_022028700.1	-1.594638	-1.849938	-1.739368	-2.155133	-0.547508	-0.750408	-1.628507	-1.669665	0	0	0	0	0	0	0	0	0	0	0	0	0	0
SAUR35_2	tig00263734	5531	6001	Signalling	AT4G12410	XP_022000327.1	1.510278	1.290215	0.251585	0.871625	2.011353	2.561124	1.157188	1.33861	1	0	0	0	0	0	0	0	0	0	0	0	0	0
SAUR37_1	tig00103489	9045	9236	Signalling	AT4G31320	XP_022036143.1	-0.848027	-1.065256	-0.859021	-1.588424	0.566027	-1.245711	0.354387	-0.328094	0	0	0	0	0	0	0	0	0	0	0	0	0	0
SAUR37_2	tig00105768	9312	9605	Signalling	AT4G31320	XP_022036143.1	2.422634	2.046441	1.105908	0.992459	2.300629	2.380931	1.929755	1.543795	0	0	0	0	0	0	0	0	0	0	0	0	0	0
SAUR38	tig00246749	35863	36339	Signalling	AT2G24400	XP_022036199.1	-1.022142	-1.038819	-1.976832	-0.919318	-0.378592	-1.104629	-0.412951	-2.003569	0	0	0	0	0	0	0	0	0	0	0	0	0	0
SAUR39_2	tig01932939	40740	41125	Signalling	AT3G43120	XP_021990701.1	-0.886377	-0.738565	-1.312811	-1.430158	-0.433656	-1.902803	-0.702721	-0.655859	0	0	0	0	1	1	0	0	1	1	0	0	0	0
SAUR4_1	tig00041284	16533	35234	Signalling	AT4G34800	XP_022010184.1	-1.179048	-1.43676	-0.82814	-1.64998	-0.032922	-0.353935	0.094933	-0.285354	1	1	1	0	1	1	1	0	3	1	1	0	1	0
SAUR40_1	tig00024889	18850	19203	Signalling	 AT1G79130	XP_021993431.1	-1.293907	-1.30188	-1.739631	-1.772833	-0.974463	-0.587981	-1.689722	-1.853945	0	0	0	0	0	0	0	0	0	0	0	0	0	0
SAUR40_2	tig00026009	49991	50242	Signalling	 AT1G79130	XP_021993431.1	-0.036003	-0.070506	0.684054	0.561067	0.746437	-0.022568	0.900756	0.818083	0	0	1	0	0	0	0	0	1	0	0	0	0	0
SAUR40_3	tig00257483	38588	38800	Signalling	 AT1G79130	XP_021993431.1	1.730872	1.582258	1.572979	1.597004	2.819216	2.812097	2.54757	3.271766	0	0	0	0	0	0	0	0	0	0	0	0	0	0
SAUR41_1	tig00247165	58168	63853	Signalling	 AT1G16510	XP_022001653.1	0.79116	0.66534	0.045747	0.687649	1.419082	1.115386	1.830126	1.27091	1	0	1	0	0	0	1	0	2	0	0	0	0	0
SAUR42_1	tig00009800	30450	30758	Signalling	AT2G28085	XP_021990703.1	0.802217	1.209772	-0.831501	-0.059624	1.224682	1.060013	0.421316	0.562392	0	0	0	0	0	0	0	0	0	0	0	0	0	0
SAUR42_2	tig00017207	20664	20848	Signalling	AT2G28085	XP_021990703.1	-1.196725	-0.981366	-1.096243	-0.857338	-0.539445	-0.108394	0.597249	0.451207	0	0	0	0	0	0	0	0	0	0	0	0	0	0
SAUR43	tig01938314	52221	60789	Signalling	AT5G42410	XP_022036756.1	-0.974505	-1.243854	-0.860816	-0.681985	0.75908	-0.018347	0.259312	0.126025	1	0	1	0	1	0	1	0	3	0	1	0	1	0
SAUR44_1	tig00013032	19134	19358	Signalling	AT5G03310	XP_022031954.1	-1.106174	-1.113546	-1.638127	-0.639288	-0.45682	0.296845	-0.012923	0.652557	0	0	0	0	1	0	0	0	1	0	0	0	0	0
SAUR44_2	tig00059976	18115	18339	Signalling	AT5G03310	XP_022031954.1	-0.228066	-0.19437	-2.234407	-1.146074	0.229151	-1.777541	-0.840397	-0.168427	0	0	0	0	0	0	0	0	0	0	0	0	0	0
SAUR44_3	tig00255259	786	1001	Signalling	AT5G03310	XP_022031954.1	0.293555	0.506379	-0.548473	0.68457	0.610535	1.237088	0.576057	0.308879	0	0	0	0	0	0	0	0	0	0	0	0	0	0
SAUR45_1	tig00099210	2855	3247	Signalling	AT2G36210	XP_022041985.1	-1.3286	-1.144846	-0.235583	-0.17922	0.82602	0.328046	2.196962	2.74204	0	0	0	0	0	0	0	0	0	0	0	0	0	0
SAUR45_2	tig00257049	51490	51882	Signalling	AT2G36210	XP_022041985.1	-1.712115	-2.15373	-2.122269	-2.072844	-1.438853	-0.749688	-0.787276	-1.117923	0	0	1	0	0	0	0	0	1	0	0	0	0	0
SAUR46	tig00007630	28594	28980	Signalling	AT2G37030	XP_021992089.1	-0.110483	0.473611	-0.363309	0.512471	1.003099	1.559214	0.26587	0.949365	0	0	0	0	0	0	0	0	0	0	0	0	0	0
SAUR47_1	tig00000308	109428	109601	Signalling	AT3G20220	XP_022006836.1	0.396971	0.316459	-1.191382	-1.076756	-1.466909	-1.47268	-0.783731	-1.522467	0	0	0	0	0	0	0	0	0	0	0	0	0	0
SAUR47_2	tig00024261	31058	31267	Signalling	AT3G20220	XP_022006836.1	0.341658	0.724531	-1.214289	-0.291964	-0.744804	-1.638426	1.436581	-1.405956	0	0	0	0	0	0	0	0	0	0	0	0	0	0
SAUR48_1	tig00071255	12814	13014	Signalling	AT3G09870	XP_021994668.1	-1.778565	-1.746167	-2.012499	-1.70125	-1.190118	-1.544618	-1.190515	-1.396487	0	0	0	0	0	0	0	0	0	0	0	0	0	0
SAUR48_3	tig00251484	66395	75621	Signalling	AT3G09870	XP_021994668.1	-0.763057	-0.603196	-1.093115	-0.362496	0.365068	0.195825	0.175854	0.08482	1	0	1	0	1	0	1	0	3	0	1	0	1	0
SAUR49_1	tig00013352	29429	29635	Signalling	AT4G34750	XP_021999787.1	-0.91223	-0.569487	0.183993	-0.922949	-1.147114	-1.538644	-1.253055	-1.774898	0	0	0	0	0	0	0	0	0	0	0	0	0	0
SAUR49_2	tig00124850	30593	30996	Signalling	AT4G34750	XP_021999787.1	0.614822	1.04356	-0.599409	0.408028	1.088525	1.705772	1.025722	1.705642	0	0	0	0	0	0	0	0	0	0	0	0	0	0
SAUR5	tig00042312	2514	2807	Signalling	AT4G34810	XP_022023100.1	-1.181682	-1.362867	-0.910056	-0.493141	0.19191	-0.893992	-0.250367	-0.59071	0	0	0	0	0	0	0	0	0	0	0	0	0	0
SAUR50	tig00008220	21426	31691	Signalling	AT4G34760	XP_021968917.1	0.501509	0.346447	-0.529528	0.818886	0.162102	-0.434882	0.338265	0.399883	1	1	1	0	0	0	1	1	2	1	0	0	0	0
SAUR51	tig01930488	12678	12878	Signalling	AT1G75580	XP_022006964.1	-1.166768	-0.307653	-1.543175	-1.209408	0.977299	-0.727457	-0.279473	-0.261331	0	0	0	0	0	0	0	0	0	0	0	0	0	0
SAUR53	tig00038675	12429	12656	Signalling	AT1G19840	XP_022022477.1	2.755213	2.485209	2.280039	2.312896	1.693755	1.578855	1.023962	0.386737	0	0	0	0	0	0	0	0	0	0	0	0	0	0
SAUR54	tig01938171	9226	9495	Signalling	AT1G19830	XP_022010231.1	-1.399295	-1.641584	-0.995389	-1.883841	-0.041637	-1.640241	-1.860803	-1.129738	0	0	0	0	1	1	0	0	1	1	0	0	0	0
SAUR55_1	tig00120255	17073	17255	Signalling	AT5G50760	XP_022016479.1	-0.294981	-0.243926	-0.089191	0.610057	0.438664	1.685035	1.650141	0.812678	0	0	0	0	0	0	0	0	0	0	0	0	0	0
SAUR55_2	tig00246249	36049	36231	Signalling	AT5G50760	XP_022016479.1	2.745227	2.780998	2.566796	2.290939	3.515341	1.845442	1.696212	2.085785	0	0	0	0	0	0	0	0	0	0	0	0	0	0
SAUR55_3	tig00252201	10372	16323	Signalling	AT5G50760	XP_022016479.1	-0.461869	-0.328812	-0.935499	-0.682799	0.70069	0.226926	-0.438497	-0.224698	1	1	1	0	0	0	1	0	2	0	0	0	0	0
SAUR57	tig00088913	6136	6342	Signalling	AT3G53250	XP_022001576.1	0.07984	-0.077356	-2.030951	-0.47546	-0.880516	-1.789936	-1.17901	-0.957366	0	0	0	0	0	0	0	0	0	0	0	0	0	0
SAUR58	tig00263635	10383	10565	Signalling	AT1G43040	XP_022021774.1	-1.783965	-1.753604	-1.713754	-0.76686	-0.854952	-0.799211	-0.99154	-0.390596	0	0	0	0	0	0	0	0	0	0	0	0	0	0
SAUR59	tig00250184	78811	78990	Signalling	AT3G60690	XP_022004868.1	-0.501043	-0.592492	-0.760942	-1.760845	0.604402	-0.681781	0.714143	0.792759	0	0	0	0	0	0	0	0	0	0	0	0	0	0
SAUR6_1	tig00254805	18610	18828	Signalling	AT2G21210	XP_022033196.1	-0.627419	-0.549629	-0.586907	-1.005955	0.407514	-0.961054	-1.003037	-0.21471	0	0	0	0	0	0	0	0	0	0	0	0	0	0
SAUR6_2	tig01930618	19955	20269	Signalling	AT2G21210	XP_022033196.1	-1.444057	-1.546879	-1.605674	-1.128536	-0.218128	-0.733861	-1.294197	-1.568763	0	0	0	0	0	0	0	0	0	0	0	0	0	0
SAUR60_1	tig00246173	52664	52993	Signalling	AT1G20470	XP_021995908.1	-0.33056	-1.219111	-1.765711	-1.98741	0.097531	0.067516	-0.955846	0.512588	0	0	1	0	0	0	0	0	1	0	0	0	0	0
SAUR60_2	tig00122866	3443	3601	Signalling	AT1G20470	XP_021995908.1	2.179525	2.905409	1.521903	1.698128	-1.900603	0.778806	2.423843	3.126586	0	0	0	0	0	0	0	0	0	0	0	0	0	0
SAUR61_1	tig00246173	86988	87269	Signalling	AT1G29420	XP_021995907.1	-0.775983	-1.259201	-1.516157	-0.353882	0.93725	-0.046068	0.588946	0.24917	0	0	0	0	0	0	0	0	0	0	0	0	0	0
SAUR61_2	tig00040623	25989	26330	Signalling	AT1G29420	XP_021995907.1	-0.794602	-0.780239	-1.20681	-1.955939	0.155585	-0.895539	0.666978	-2.039712	0	0	0	0	0	0	0	0	0	0	0	0	0	0
SAUR62	tig00259201	15686	15931	Signalling	AT1G29430	XP_022023677.1	-0.358382	-0.556437	-0.676175	-1.107934	1.561992	1.716411	-0.643517	-0.878345	0	0	0	0	0	0	0	0	0	0	0	0	0	0
SAUR63	tig00255047	29099	29364	Signalling	AT1G29440	XP_022025264.1	-2.048015	-2.003607	-2.109949	-0.664959	-0.878317	-1.536108	-0.924028	-0.648617	0	0	0	0	0	0	1	0	1	0	0	0	0	0
SAUR64	tig00037744	3105	17528	Signalling	AT1G29450	XP_022021408.1	-1.419509	-1.52078	-1.184216	-1.408138	0.376707	-0.613189	-0.446627	0.039927	1	0	1	0	1	1	1	1	3	2	1	0	1	0
SAUR66_1	tig00003891	102701	103099	Signalling	AT1G29500	XP_021983013.1	-1.463996	-1.427245	-2.361833	-1.126551	-1.126136	-1.612437	-1.410275	-1.166861	0	0	0	0	0	0	0	0	0	0	0	0	0	0
SAUR66_2	tig00047956	10235	16794	Signalling	AT1G29500	XP_021983013.1	-0.932242	-0.873499	-1.223909	-0.729889	-1.245415	-0.375302	-1.195868	-0.801273	1	0	0	0	1	0	0	0	1	0	0	0	0	0
SAUR67	tig00112561	6100	6318	Signalling	AT1G29510	OTF85794.1	-1.765202	-1.440751	-1.537375	-0.531628	-0.406737	-0.578357	-0.832715	-0.932035	0	0	0	0	0	0	0	0	0	0	0	0	0	0
SAUR69	tig00071188	13361	13813	Signalling	AT5G10990	XP_021995293.1	-1.23738	-1.563655	-2.245231	-2.073251	1.149593	-0.231266	-0.815874	0.128793	0	0	0	0	0	0	0	0	0	0	0	0	0	0
SAUR7_1	tig00085595	12191	12444	Signalling	AT2G21200	XP_021968925.1	-1.075523	-1.28025	-1.083133	-1.24106	-0.336732	-0.078489	-0.416785	0.916069	0	0	0	0	0	0	0	0	0	0	0	0	0	0
SAUR7_2	tig00248922	2199	46862	Signalling	AT2G21200	XP_021968925.1	-1.292804	-1.493603	-0.798461	-1.568596	0.363329	-0.024419	0.168794	0.099748	1	1	1	0	1	1	1	1	3	2	1	0	1	0
SAUR70	tig00246762	79084	79290	Signalling	AT5G20810	XP_022040252.1	0.480831	0.256518	-0.279356	-0.987355	0.526764	0.964817	-0.584944	-0.78777	0	0	0	0	0	0	0	0	0	0	0	0	0	0
SAUR71_1	tig00043187	2810	43159	Signalling	AT1G56150	OTG02107.1	-0.929248	-0.890505	-1.148528	-0.459106	0.308827	-0.217314	-0.01148	0.050631	1	1	1	0	1	1	1	1	3	2	1	0	1	0
SAUR71_4	tig01928809	3712	4206	Signalling	AT1G56150	OTG02107.1	0.102848	-0.303085	-0.796976	-0.19941	0.411468	0.635112	-0.341599	0.511848	1	0	0	0	1	0	1	0	2	0	0	0	0	0
SAUR72_1	tig00022324	18152	22735	Signalling	AT3G12830	OTG05545.1	-1.120539	-1.000427	-1.649429	-0.687081	-0.308702	-0.383163	-0.546545	0.323615	1	0	0	0	0	0	1	0	1	0	0	0	0	0
SAUR72_2	tig00026666	72448	102795	Signalling	AT3G12830	OTG05545.1	-0.338948	-0.399526	-1.234137	-0.690568	0.845435	0.749342	0.66906	0.293102	1	1	1	0	1	0	1	1	3	1	1	0	1	0
SAUR72_3	tig00068951	2450	2650	Signalling	AT3G12830	OTG05545.1	-1.354673	-0.535703	-1.271664	-0.601687	0.39868	1.393188	-1.104951	-1.726153	0	0	0	0	0	0	0	0	0	0	0	0	0	0
SAUR72_4	tig00251969	21625	21964	Signalling	AT3G12830	OTG05545.1	-1.694912	-1.924858	-1.610736	-1.769343	1.414875	-0.704872	0.146211	-0.979513	0	0	0	0	0	0	0	0	0	0	0	0	0	0
SAUR73	tig00248971	18394	18762	Signalling	AT3G03847	XP_021986309.1	-1.191083	-0.800442	-1.819477	-0.99951	-0.623307	0.119246	-0.400271	0.713778	0	0	0	0	0	0	0	0	0	0	0	0	0	0
SAUR74	tig00027642	20965	21234	Signalling	AT3G12955	XP_022026973.1	0.447772	0.084708	-1.590315	-1.778271	-0.580255	-0.702514	-0.500527	-0.373582	0	0	0	0	0	0	0	0	0	0	0	0	0	0
SAUR75_1	tig00030049	17421	46338	Signalling	AT5G27780	XP_022033430.1	-1.377013	-1.54507	-1.283072	-1.078448	0.191204	-0.45321	-0.66613	-0.171916	1	0	1	0	1	1	1	0	3	1	1	0	1	0
SAUR75_2	tig00058127	5259	5621	Signalling	AT5G27780	XP_022033430.1	-1.520513	-1.183643	-0.970022	-1.387028	0.180763	-0.878201	-0.526734	-0.52516	0	0	0	0	0	0	0	0	0	0	0	0	0	0
SAUR78	tig00010599	70467	70892	Signalling	AT1G72430	XP_022041527.1	-1.514988	-1.359494	-1.046892	-1.130809	-0.65641	-0.648146	-1.245679	-1.300362	0	0	0	0	0	0	0	0	0	0	0	0	0	0
SAUR79_1	tig00252290	13311	13688	Signalling	 AT2G35290	XP_022027021.1	-1.599061	-1.167995	-2.073333	-0.929533	-0.534267	-0.888044	-0.965907	-1.703025	0	0	0	0	0	0	0	0	0	0	0	0	0	0
SAUR79_2	tig00253339	6997	7370	Signalling	 AT2G35290	XP_022027021.1	-1.649727	-1.82528	-2.289051	-1.137304	-0.027486	-0.422651	-1.408038	-1.223187	0	0	0	0	0	0	0	0	0	0	0	0	0	0
SAUR8_1	tig00249017	51618	51923	Signalling	AT2G16580	XP_022021817.1	-0.10767	-0.978415	-0.631049	-0.660116	1.526654	-0.420643	0.107016	-0.725727	0	0	1	0	0	0	0	0	1	0	0	0	0	0
SAUR9_1	tig00011653	125684	126100	Signalling	AT4G36110	XP_021999551.1	-0.323761	-0.317449	-1.123049	-0.90429	-0.483194	0.975932	0.224452	1.171494	0	0	0	0	0	0	0	0	0	0	0	0	0	0
SGT1B_1	tig00052346	16948	23530	Signalling	AT4G11260	XP_022000143.1	0.086138	-0.179756	-1.230366	-0.62019	0.97057	0.937615	0.936111	-0.103289	1	0	0	0	1	0	0	0	1	0	0	0	0	0
SGT1B_2	tig00259931	6400	8620	Signalling	AT4G11260	XP_022000143.1	-0.607042	-0.59954	-1.034893	-0.322323	0.487588	0.950058	-1.923596	0.899279	0	0	0	0	1	1	1	0	2	1	0	0	0	0
TIR1_1	tig00002811	41111	50776	Signalling	AT3G62980	XP_022040476.1	-0.456368	-0.374338	-1.596336	-0.624508	-0.374721	-0.188533	0.704794	-0.111372	1	0	1	0	1	1	1	0	3	1	1	0	1	0
TIR1_2	tig00007500	107037	116529	Signalling	AT3G62980	XP_022040476.1	-0.561919	-0.653994	-1.392263	-0.859696	0.226938	-0.483367	-0.035261	0.022777	1	0	1	0	1	0	0	0	2	0	0	0	0	0
TOR_1	tig00047269	8163	36748	Signalling	AT1G50030	XP_022034536.1	-1.170363	-1.32676	-1.205093	-1.117024	0.467322	-0.525592	0.118596	0.279566	1	0	1	0	1	1	1	0	3	1	1	0	1	0
TOR_2	tig00076083	9	15221	Signalling	AT1G50030	XP_022034536.1	-1.553829	-1.701697	-1.418575	-1.073119	0.031033	-0.703063	0.063732	-0.066584	1	1	1	0	1	1	1	0	3	1	1	0	1	0
TPL_1	tig00030983	20565	26366	Signalling	AT1G15750	XP_022039236.1	-1.562336	-1.546319	-1.342372	-1.02745	0.079606	-0.801013	-0.677057	-0.392502	1	0	1	0	0	0	0	0	1	0	0	0	0	0
TPL_2	tig00246514	20567	26477	Signalling	AT1G15750	XP_022039236.1	-1.137336	-1.154581	-1.868638	-1.440445	-0.471209	-1.596144	-1.142521	-1.123452	0	0	0	0	1	1	0	0	1	1	0	0	0	0
TPR1_1	tig00040791	21463	26962	Signalling	AT1G80490	XP_021984316.1	-1.166308	-1.141164	-1.695826	-0.517383	0.166581	-0.768142	-0.452405	-0.770613	1	0	1	0	0	0	0	0	1	0	0	0	0	0
TPR1_2	tig00067157	17240	23039	Signalling	AT1G80490	XP_021984316.1	-1.326176	-1.435599	-1.26675	-1.022959	-0.024099	-0.666114	-0.567891	-0.355661	0	0	0	0	0	0	0	0	0	0	0	0	0	0
TPR2_1	tig00258084	1233	6569	Signalling	AT3G16830	XP_021974175.1	-0.900441	-0.95231	-1.946487	-1.24105	-0.283636	0.191544	-0.392572	-0.453394	0	0	0	0	0	0	0	0	0	0	0	0	0	0
TPR2_2	tig01929922	9951	16799	Signalling	AT3G16830	XP_021974175.1	-1.83006	-1.651668	-1.822657	-1.089364	-0.176907	-1.429454	-0.860412	-1.051619	0	0	0	0	0	0	0	0	0	0	0	0	0	0
TPR3_1	tig00017840	11820	18955	Signalling	AT5G27030	XP_021974175.1	-0.811696	-0.738012	-1.629479	-0.882173	0.997054	-0.292809	1.063627	0.36352	1	0	1	0	1	0	1	1	3	1	1	0	1	0
TPR3_2	tig00253958	8630	15472	Signalling	AT5G27030	XP_021974175.1	-1.492855	-1.519475	-1.534839	-1.311071	-0.069306	-0.555699	-0.751487	-0.930695	0	0	1	0	1	0	0	0	2	0	0	0	0	0
TPR4	tig00248534	71088	78418	Signalling	AT3G15880	XP_021990255.1	-0.860101	-0.536079	-1.597469	-0.060353	0.57342	0.722893	-0.071608	0.341036	1	0	0	0	0	0	1	1	1	1	0	0	0	0
AHA1_1	tig00000793	193588	196848	Gravitropism	AT2G18960	XP_021996864.1	-1.998118	-2.018731	-1.792885	-1.655409	-0.267326	-1.460139	-0.970726	-0.494019	0	0	0	0	1	0	0	0	1	0	0	0	0	0
AHA1_2	tig00013194	23762	27648	Gravitropism	AT2G18960	XP_021996864.1	-1.63869	-1.702169	-1.878179	-1.011047	-0.395022	-0.826128	-0.466511	-0.796937	1	0	1	0	1	0	0	0	2	0	0	0	0	0
AHA2_1	tig00040446	8518	11621	Gravitropism	AT4G30190	XP_022037887.1	0.382557	0.50629	-0.457779	0.386709	1.757157	1.734823	1.59886	1.492362	1	0	0	0	0	0	0	0	0	0	0	0	0	0
AHA2_2	tig00070726	8804	12689	Gravitropism	AT4G30190	XP_022037887.1	-1.264799	-1.525144	-1.40188	-0.991436	-0.330507	-1.123055	-0.736641	-0.436192	0	0	0	0	0	0	0	0	0	0	0	0	0	0
ARG1_1	tig00029139	36459	38713	Gravitropism	AT1G68370	XP_022020692.1	2.184916	2.041812	1.026464	1.519018	2.120931	2.437689	2.229676	2.027617	0	0	1	0	0	0	0	0	1	0	0	0	0	0
ARG1_2	tig00037664	8979	14349	Gravitropism	AT1G68370	XP_022020692.1	-1.363558	-1.636436	-1.885028	-1.200671	-0.404606	-1.005728	-0.730556	-0.488488	0	0	1	0	0	0	1	1	2	1	0	0	0	0
ARL1_1	tig00017814	46201	48257	Gravitropism	AT1G24120	XP_022034167.1	-1.226369	-1.384917	-1.197687	-1.980754	-1.427518	-1.356172	-0.753428	-2.09262	0	0	0	0	0	0	1	0	1	0	0	0	0	0
ARL1_2	tig00249433	46900	48916	Gravitropism	AT1G24120	XP_022034167.1	-0.718062	-0.680392	-0.874565	-0.973734	-0.211043	-0.398741	-0.120391	0.304181	0	0	0	0	1	0	0	0	1	0	0	0	0	0
ARL2	tig00111085	1500	3923	Gravitropism	AT1G59980	XP_021997972.1	2.35936	2.088332	1.234788	1.874348	2.977348	2.454278	3.070623	2.846117	1	0	0	0	0	0	0	0	0	0	0	0	0	0
CAP2	tig00020632	7361	8656	Gravitropism	AT2G17990	XP_022015844.1	1.978371	2.099822	0.972001	2.345289	2.748473	2.959309	3.287491	2.843769	0	0	0	0	0	0	0	0	0	0	0	0	0	0
CYP705A22_1	tig00035118	4921	6519	Gravitropism	AT3G20130	XP_021988290.1	-1.342499	-1.328089	-1.444732	-1.365353	-0.30637	-0.589499	-0.250498	-0.419712	1	0	1	0	0	0	0	0	1	0	0	0	0	0
CYP705A22_2	tig00046082	28835	30223	Gravitropism	AT3G20130	XP_021988290.1	-1.285984	-1.307	-2.5873	-0.889248	0.065622	-1.848924	-0.316432	-0.69721	0	0	0	0	0	0	1	0	1	0	0	0	0	0
CYP705A5_2	tig00048884	20997	22571	Gravitropism	AT5G47990	XP_021988289.1	-2.036824	-2.036715	-2.306399	-2.229487	-1.290671	-1.831754	-1.623724	-1.165947	0	0	0	0	0	0	0	0	0	0	0	0	0	0
EGY1_1	tig00025624	34984	38334	Gravitropism	AT5G35220	XP_022000695.1	-1.642713	-1.733431	-1.831898	-2.161952	-0.544121	-1.723063	-1.548215	-0.19769	0	0	0	0	0	0	0	0	0	0	0	0	0	0
EGY1_2	tig00246486	135515	139949	Gravitropism	AT5G35220	XP_022000695.1	-0.618639	-0.60335	-1.35408	-1.111169	-1.563844	0.207501	-0.206291	-0.926052	0	0	0	0	1	1	0	0	1	1	0	0	0	0
EGY2_2	tig00249925	1111	4621	Gravitropism	AT5G05740	XP_021977274.1	0.186928	0.195978	-0.328443	-0.097726	1.032669	1.096847	0.928582	0.826379	1	0	0	0	1	0	1	0	2	0	0	0	0	0
EGY3_1	tig00008757	23408	25715	Gravitropism	AT1G17870	XP_021981955.1	0.264623	-0.024677	-1.037547	0.1699	0.681454	1.118217	1.220564	0.866655	0	0	1	0	0	0	0	0	1	0	0	0	0	0
EGY3_2	tig00046489	15684	17297	Gravitropism	AT1G17870	XP_021981955.1	-1.360534	-1.49753	-1.665112	-1.031394	0.680232	-1.224863	-0.974365	-1.178781	0	0	0	0	1	1	0	0	1	1	0	0	0	0
EXP1_1	tig00031607	10901	11602	Gravitropism	AT1G69530	XP_022020545.1	2.291973	2.084194	0.808679	1.806087	2.727546	2.275569	2.400895	2.965692	0	0	0	0	0	0	0	0	0	0	0	0	0	0
EXP8_2	tig01931902	17981	18679	Gravitropism	AT2G40610	XP_022006484.1	1.072115	0.811825	-0.602428	1.140544	1.870142	1.781385	1.351904	1.894092	0	0	0	0	0	0	0	0	0	0	0	0	0	0
IDD16	tig00119894	3604	5474	Gravitropism	AT1G25250	XP_022021649.1	0.979672	0.88722	0.377187	0.713999	1.146182	1.738303	1.504574	1.35819	1	0	1	0	0	0	1	1	2	1	0	0	0	0
LAZY1_2	tig00044357	25777	27386	Gravitropism	AT5G14090	XP_021970072.1	-1.709425	-1.326232	-2.165942	-0.54544	0.348985	-0.54706	-1.290481	-0.822651	0	0	1	0	0	0	0	0	1	0	0	0	0	0
LAZY1_3	tig00055632	15167	16113	Gravitropism	AT5G14090	XP_021970072.1	-1.192867	-1.129216	-1.706691	-0.587243	-0.292724	-0.937905	-1.772783	-1.260385	0	0	1	0	0	0	0	0	1	0	0	0	0	0
LAZY2_2	tig00252418	61639	62438	Gravitropism	AT1G17400	XP_022033130.1	-1.337167	-1.336416	-1.06776	-1.847166	-0.460842	-0.905483	-0.354711	-0.81706	1	0	0	0	0	0	1	1	1	1	0	0	0	0
LAZY2_3	tig01939229	2668	3456	Gravitropism	AT1G17400	XP_022033130.1	-1.196973	-1.102378	-0.710219	-0.678499	-0.077003	-0.835058	-0.455551	-0.433646	0	0	0	0	0	0	0	0	0	0	0	0	0	0
LAZY3_1	tig00021180	33867	34798	Gravitropism	AT1G19115	XP_021984558.1	-1.208696	-1.201881	-2.001215	-1.391671	0.340129	-0.865867	-0.746765	-0.140443	0	0	1	0	1	0	0	0	2	0	0	0	0	0
LAZY5_1	tig00054548	22635	23379	Gravitropism	AT3G24750	XP_022035919.1	-1.236795	-1.102359	-1.835581	-1.369079	-1.867213	-1.659857	-1.500123	-1.925855	0	0	0	0	0	0	0	0	0	0	0	0	0	0
LAZY5_2	tig00085728	6324	7058	Gravitropism	AT3G24750	XP_022035919.1	-1.161187	-1.041845	-1.66423	-1.911716	-0.120512	-0.410302	0.034962	0.087663	0	0	0	0	0	0	0	0	0	0	0	0	0	0
LAZY6_2	tig00031166	22743	23766	Gravitropism	AT3G27025	XP_021976214.1	-1.132551	-0.976707	-1.253103	-0.733856	-0.057584	-0.140602	-0.082874	-0.185058	0	0	1	0	0	0	0	0	1	0	0	0	0	0
PGM1	tig00254832	9874	14835	Gravitropism	AT5G51820	XP_022009565.1	-0.735145	-0.610529	-2.27431	-0.902652	-1.785458	-2.158476	0.325247	-1.609572	0	0	1	0	0	0	1	0	2	0	0	0	0	0
PGM2	tig00020728	8120	12263	Gravitropism	AT1G70730	XP_022015548.1	1.525521	1.530078	0.14776	1.488865	2.556424	2.262108	2.03563	2.200215	1	0	1	1	1	0	0	0	2	1	0	0	0	0
PGM3	tig00092974	8292	12985	Gravitropism	AT1G23190	XP_022025756.1	-1.712189	-1.453438	-2.070782	-1.796507	-1.766617	-1.250436	-0.532304	-1.089669	1	0	1	0	0	0	1	0	2	0	0	0	0	0
PIF8	tig00252025	44197	45851	Gravitropism	AT4G00050	XP_022002675.1	0.27017	-0.258833	-1.566224	0.735652	0.423149	0.118281	-1.574346	1.003302	1	0	0	0	0	0	0	0	0	0	0	0	0	0
PPC2.D2_1	tig00076366	6990	8551	Gravitropism	AT3G17090	XP_021994923.1	-0.619193	-0.535522	-1.809844	-0.752778	-0.691246	-2.584278	-0.448515	-1.201005	0	0	0	0	0	0	0	0	0	0	0	0	0	0
PPC2.D2_2	tig01940258	18716	21732	Gravitropism	AT3G17090	XP_021994923.1	-1.260658	-1.321121	-1.798198	-1.326213	-0.015017	0.206101	-0.679085	-0.847184	1	0	0	0	0	0	1	0	1	0	0	0	0	0
PPC2.D5_1	tig00067009	1212	3628	Gravitropism	AT4G33920	XP_022017692.1	-0.695377	-0.868584	-0.9984	-0.529039	0.350419	0.527051	-0.113036	0.146524	1	0	1	0	1	0	0	0	2	0	0	0	0	0
PPC2.D5_2	tig00086428	16684	17738	Gravitropism	AT4G33920	XP_022017692.1	-2.179297	-2.050219	-1.769869	-1.643481	-1.019135	-1.591424	-0.453094	-1.559938	1	0	0	0	0	0	0	0	0	0	0	0	0	0
PPC2.D5_3	tig00090618	10521	13153	Gravitropism	AT4G33920	XP_022017692.1	-0.237903	-0.141574	-1.172492	-1.060577	1.027189	-0.056396	-0.459272	0.667346	1	1	1	0	0	0	0	0	1	0	0	0	0	0
PPC2.D6_1	tig00012051	23612	26661	Gravitropism	AT3G51370	XP_022015908.1	-1.173147	-1.163556	-2.516418	-2.263907	-2.400982	-0.037922	-1.281539	-2.535025	0	0	0	0	0	0	0	0	0	0	0	0	0	0
PPC2.D6_2	tig00054278	8894	11390	Gravitropism	AT3G51370	XP_022015908.1	-1.636292	-1.825251	-1.504064	-1.243369	0.27118	-0.550587	-0.205938	-0.183529	0	0	0	0	0	0	0	0	0	0	0	0	0	0
PPC2.D6_3	tig01929200	34527	37534	Gravitropism	AT3G51370	XP_022015908.1	-0.671706	-0.922131	-2.226826	-1.015623	0.350823	0.087669	-0.23563	-1.708141	0	0	1	0	0	0	0	0	1	0	0	0	0	0
SGR1_1	tig00004446	8212	10731	Gravitropism	AT3G54220	XP_022039520.1	-1.407416	-1.275456	-1.427837	-1.300602	-0.212689	-0.747626	-0.697714	-0.310504	1	0	0	0	0	0	0	0	0	0	0	0	0	0
SGR1_2	tig00246621	7636	10175	Gravitropism	AT3G54220	XP_022039520.1	-0.892818	-1.028404	-1.266082	-0.697558	0.525698	-0.148059	-0.419653	-0.356025	0	0	0	0	1	0	0	0	1	0	0	0	0	0
SGR1_3	tig00257746	10417	11502	Gravitropism	AT3G54220	XP_022039520.1	-1.218633	-1.464115	-1.872923	-1.251946	-0.144557	-0.497125	-0.023191	-0.181719	0	0	1	0	0	0	0	0	1	0	0	0	0	0
SGR2_1	tig00261568	2222	11696	Gravitropism	AT1G31480	XP_022027332.1	-1.414477	-1.449808	-2.164193	-1.329139	-0.317951	-0.316108	-0.66244	-0.336387	0	0	1	0	0	0	1	0	2	0	0	0	0	0
SGR2_2	tig01928947	124452	127798	Gravitropism	AT1G31480	XP_022027332.1	-0.81857	-0.832665	-1.502514	-1.43193	-0.327388	0.178223	-0.634979	1.166604	0	0	0	0	0	0	1	1	1	1	0	0	0	0
SGR3_1	tig00012888	77912	92162	Gravitropism	AT5G46860	XP_022025749.1	-0.403594	-0.528608	-0.89016	-0.636007	0.533563	0.227017	0.358259	0.266789	1	1	0	0	1	0	1	0	2	0	0	0	0	0
SGR3_2	tig00014053	9466	11166	Gravitropism	AT5G46860	XP_022025749.1	-1.400762	-1.16558	-1.365923	-0.979409	0.201799	-0.644802	-0.3374	0.200401	1	0	0	0	0	0	0	0	0	0	0	0	0	0
SGR4_1	tig00073805	14910	16259	Gravitropism	AT5G39510	XP_022012676.1	0.020175	0.392834	-1.088074	0.39984	1.888246	1.444469	0.811319	1.37151	0	0	0	0	0	0	0	0	0	0	0	0	0	0
SGR4_2	tig00115844	5184	5784	Gravitropism	AT5G39510	XP_022012676.1	-1.072624	-1.082617	-2.031921	-1.362555	-1.548564	-1.11161	-1.853611	-2.185405	0	0	0	0	1	0	0	0	1	0	0	0	0	0
SGR5_3	tig00073646	14488	16357	Gravitropism	AT2G01940	XP_022021649.1	0.669144	0.674079	-0.5944	-0.099383	0.915649	0.978805	0.971775	1.213946	1	0	1	0	0	0	1	0	2	0	0	0	0	0
SGR6	tig00025136	25902	40043	Gravitropism	AT2G36810	XP_022000851.1	-1.034987	-0.942974	-2.312406	-1.34074	-0.320092	-0.041472	-0.752879	-1.264156	1	1	1	0	0	0	0	0	1	0	0	0	0	0
SGR7_1	tig00029416	18672	20027	Gravitropism	AT4G37650	XP_022011277.1	-0.006138	0.047004	-1.774738	-0.233921	-0.038294	0.330777	-0.383889	0.506612	1	0	0	0	1	1	0	0	1	1	0	0	0	0
SGR7_2	tig00257756	33917	35358	Gravitropism	AT4G37650	XP_022011277.1	-0.647616	-1.042194	-1.801063	-0.550384	-0.896204	-0.602713	-1.519632	-2.202163	0	0	1	0	0	0	0	0	1	0	0	0	0	0
SGR8	tig00005573	47538	63523	Gravitropism	AT2G26890	XP_021990399.1	2.115508	2.293104	1.727181	1.86716	2.326613	2.676344	2.112622	1.973981	0	0	0	0	1	0	0	0	1	0	0	0	0	0
SGR9_1	tig00024214	73181	84492	Gravitropism	AT5G02750	XP_022000740.1	-0.013756	-0.06593	-1.043989	-0.729631	0.260874	0.609235	0.367644	0.218406	1	0	1	1	1	1	1	0	3	2	1	0	1	0
SGR9_2	tig00254583	19406	20554	Gravitropism	AT5G02750	XP_022000740.1	-1.47158	-1.403136	-1.755254	-1.683164	-1.566348	-0.746927	-1.254023	-1.850142	0	0	1	0	0	0	0	0	1	0	0	0	0	0
SGR9_3	tig00255993	2075	10079	Gravitropism	AT5G02750	XP_022000740.1	-1.27144	-1.295979	-1.74801	-0.766778	-0.221659	-0.09992	-0.781196	-0.111829	1	0	1	1	1	1	1	0	3	2	1	0	1	0
SGR-LIKE_1	tig00035838	11646	12098	Gravitropism	AT3G48550	XP_021984150.1	-0.537917	0.538996	-0.740852	0.50688	0.86493	0.518107	1.202161	1.737587	0	0	0	0	0	0	0	0	0	0	0	0	0	0
SGR-LIKE_2	tig00095672	26810	27270	Gravitropism	AT3G48550	XP_021984150.1	-0.591418	-0.830166	-1.253655	-0.231299	0.956474	-1.10232	-0.369439	-0.385914	0	0	0	0	0	0	0	0	0	0	0	0	0	0