COUNTSFILE NPOP 8 NSITES 536
CHROM POS Agrav Grav D01 H01 D03 H02 D04 H05
tig00055595 19916 0,0,108,0 0,0,104,0 0,0,12,0 0,0,14,0 0,1,17,0 0,0,34,0 0,0,32,0 0,0,18,0
tig00067451 18780 0,0,0,122 0,0,0,136 0,0,0,18 1,0,0,19 0,0,0,20 0,0,0,36 0,0,0,40 0,0,0,20
tig00038258 32428 114,0,0,0 134,0,0,0 16,0,0,0 18,0,0,0 20,0,0,0 38,0,0,0 32,0,0,0 15,0,1,0
tig00256657 30649 0,0,94,0 0,0,96,0 0,0,16,0 3,0,15,0 0,0,10,0 0,0,12,0 0,0,26,0 0,0,20,0
tig01928645 27728 0,0,112,0 0,0,114,0 0,0,16,0 0,0,18,0 0,0,20,0 0,0,38,0 0,0,38,0 1,0,19,0
tig00054243 5115 100,0,0,0 106,0,0,0 18,0,0,0 18,0,0,0 15,0,0,1 36,0,0,0 36,0,0,0 18,0,0,0
tig00085389 3072 0,0,0,124 0,0,0,132 0,0,0,18 0,0,0,20 0,0,0,18 0,0,0,40 0,0,0,40 1,0,0,17
tig01938284 15768 0,0,0,104 0,0,0,124 1,0,0,17 0,0,0,16 0,0,0,20 0,0,0,34 0,0,0,40 0,0,0,20
tig00004051 24566 0,86,0,14 0,98,0,16 0,11,0,5 0,17,0,1 0,20,0,0 0,23,0,5 0,24,0,10 0,18,0,0
tig00247449 108715 0,0,126,0 0,0,138,0 2,0,18,0 0,0,20,0 0,0,20,0 0,0,40,0 0,0,40,0 0,0,20,0
tig00246355 38115 0,0,122,0 0,0,140,0 2,0,18,0 0,0,20,0 0,0,20,0 0,0,40,0 0,0,40,0 0,0,20,0
tig00039203 31960 118,0,0,0 132,0,0,0 18,0,0,2 20,0,0,0 20,0,0,0 40,0,0,0 38,0,0,0 20,0,0,0
tig00076716 16709 122,0,0,0 136,0,0,0 18,0,0,2 18,0,0,0 20,0,0,0 38,0,0,0 38,0,0,0 20,0,0,0
tig01938718 55487 0,0,114,0 0,0,124,0 0,1,9,0 0,0,16,0 0,0,14,0 0,0,40,0 0,0,28,0 0,0,10,0
tig00002501 182901 112,0,0,14 117,0,0,15 20,0,0,0 19,0,0,1 20,0,0,0 40,0,0,0 40,0,0,0 20,0,0,0
tig00043574 20254 0,124,0,0 0,132,0,0 0,18,0,0 1,19,0,0 0,18,0,0 0,40,0,0 0,40,0,0 0,20,0,0
tig00047013 36595 116,0,0,0 134,0,0,0 19,0,0,1 18,0,0,0 20,0,0,0 40,0,0,0 40,0,0,0 20,0,0,0
tig00009506 50553 48,0,0,0 56,0,0,0 10,0,2,0 6,0,0,0 12,0,0,0 32,0,0,0 20,0,0,0 16,0,0,0
tig00031894 34498 76,48,0,0 80,56,0,0 9,11,0,0 15,5,0,0 14,6,0,0 26,12,0,0 28,12,0,0 12,8,0,0
tig00125552 15978 0,0,0,116 0,0,0,118 0,0,0,16 0,0,0,20 0,0,0,20 0,0,0,36 11,0,0,27 3,0,0,17
tig00253833 67306 0,118,0,0 0,124,0,0 0,15,0,3 0,18,0,0 0,17,0,3 0,34,0,0 0,34,0,0 0,14,0,0
tig00019342 57545 126,0,0,0 140,0,0,0 20,0,0,0 20,0,0,0 20,0,0,0 40,0,0,0 36,0,4,0 20,0,0,0
tig00256008 50113 0,0,120,0 0,0,140,0 0,0,20,0 0,0,20,0 6,0,14,0 0,0,40,0 0,0,40,0 0,0,20,0
tig00012245 10633 0,0,124,0 0,0,132,0 1,0,19,0 0,0,20,0 0,0,20,0 0,0,36,0 0,0,40,0 0,0,20,0
tig00056486 5839 92,0,0,28 109,0,0,29 16,0,0,2 19,0,0,1 20,0,0,0 40,0,0,0 40,0,0,0 20,0,0,0
tig00264537 16846 0,0,122,0 0,0,138,0 0,0,20,0 0,0,20,0 0,0,18,0 0,0,40,0 0,0,40,0 0,1,19,0
tig01933382 3863 0,0,0,72 0,0,0,46 0,3,0,13 0,0,0,20 0,7,0,3 0,0,0,26 0,0,0,24 0,0,0,10
tig00000793 196025 112,0,0,0 132,0,0,0 16,0,2,0 20,0,0,0 20,0,0,0 40,0,0,0 36,0,0,0 18,0,0,0
tig00013194 25440 0,0,56,0 0,0,66,0 2,0,14,0 0,0,14,0 0,0,12,0 0,0,28,0 0,0,26,0 0,0,10,0
tig00040446 8960 0,122,0,0 0,132,0,0 0,18,2,0 0,20,0,0 0,20,0,0 0,40,0,0 0,40,0,0 0,20,0,0
tig00070726 12668 5,0,83,0 0,0,66,0 0,0,8,0 0,0,14,0 2,0,14,0 0,0,38,0 0,0,36,0 0,0,16,0
tig00007746 9351 0,0,126,0 0,0,138,0 0,0,19,1 0,0,20,0 0,0,20,0 0,0,40,0 0,0,40,0 0,0,20,0
tig01928650 63497 106,0,0,0 114,0,0,0 20,0,0,0 20,0,0,0 18,0,0,0 38,0,0,0 40,0,0,0 19,0,1,0
tig00123196 5978 0,104,0,0 0,120,0,0 0,18,0,0 0,18,0,0 0,20,0,0 0,40,0,0 0,22,0,12 0,14,0,2
tig00032148 26688 0,114,0,0 0,132,0,0 0,18,0,2 0,20,0,0 0,18,0,0 0,38,0,0 0,38,0,0 0,20,0,0
tig00053361 19772 0,0,78,0 0,0,74,0 0,0,16,0 0,0,16,0 0,0,12,0 0,0,20,0 0,0,22,0 0,1,11,0
tig00081450 4032 0,0,120,0 0,0,130,0 0,0,18,0 0,0,19,1 0,0,19,1 0,0,38,0 0,0,40,0 0,0,17,1
tig01929854 17157 96,0,0,0 102,0,0,0 14,0,0,0 14,0,0,0 16,0,0,4 30,0,0,0 22,0,0,4 20,0,0,0
tig00139300 2320 124,0,0,0 134,0,0,0 17,0,0,1 20,0,0,0 18,0,0,0 38,0,0,0 40,0,0,0 20,0,0,0
tig00246756 33642 0,0,114,0 0,0,134,0 0,0,20,0 0,1,19,0 0,2,16,0 0,6,34,0 0,3,33,0 0,0,18,0
tig00050114 13278 0,7,0,103 0,0,0,102 0,0,0,18 0,0,0,18 0,0,0,20 0,0,0,38 0,0,0,38 0,0,0,20
tig00073213 47521 0,0,116,0 0,0,132,0 0,0,20,0 0,0,20,0 0,1,19,0 0,0,40,0 0,0,40,0 0,0,20,0
tig00254079 7307 0,126,0,0 0,140,0,0 0,18,0,0 0,20,0,0 0,13,0,7 0,31,0,9 0,38,0,0 0,18,0,0
tig00028821 16330 71,0,13,0 88,0,0,0 14,0,5,0 16,0,0,0 10,0,8,0 32,0,0,0 38,0,0,0 14,0,0,0
tig00047128 22947 0,0,0,78 0,0,0,86 0,0,0,12 0,0,0,8 1,0,0,19 0,0,0,38 0,0,0,24 0,0,0,8
tig00025200 15058 0,116,0,0 16,120,0,0 0,18,0,0 1,19,0,0 0,20,0,0 0,40,0,0 0,38,0,0 0,20,0,0
tig00111036 3176 0,0,0,118 0,0,0,140 0,1,0,19 0,0,0,20 0,0,0,20 0,0,0,38 0,0,0,38 0,0,0,20
tig00251159 42061 110,0,0,0 126,0,0,0 20,0,0,0 17,0,1,0 20,0,0,0 38,0,0,0 36,0,0,0 20,0,0,0
tig01929675 59763 0,0,120,0 0,0,138,0 0,0,18,2 0,0,20,0 0,0,20,0 0,0,40,0 0,0,40,0 0,0,20,0
tig00075696 26788 106,0,0,0 124,0,0,0 14,0,0,0 18,0,0,0 19,0,1,0 26,0,0,0 26,0,0,0 16,0,0,0
tig00011653 21923 0,0,68,0 0,0,84,0 0,0,12,0 0,0,16,0 0,0,14,0 0,0,18,0 6,0,28,0 3,0,11,0
tig00042038 5833 0,0,90,0 0,0,110,0 1,0,17,0 0,0,10,0 0,0,20,0 0,0,36,0 0,0,36,0 0,0,18,0
tig00010504 38065 0,63,0,19 0,48,0,20 0,9,0,5 0,11,0,3 0,10,0,0 0,11,0,4 0,7,0,27 0,6,0,4
tig00037502 9103 120,0,0,0 134,0,0,0 19,0,1,0 20,0,0,0 20,0,0,0 38,0,0,0 40,0,0,0 20,0,0,0
tig00249980 69422 0,88,0,0 0,100,0,0 0,8,0,0 3,7,0,0 0,8,0,0 0,24,0,0 0,28,0,0 0,12,0,0
tig00250846 17625 0,0,126,0 0,0,130,8 0,0,20,0 0,0,20,0 0,0,20,0 0,0,40,0 0,0,40,0 0,0,20,0
tig01929303 10346 0,18,0,0 0,35,0,3 0,12,0,0 0,6,0,0 0,10,0,0 0,20,0,0 0,10,0,0 0,6,0,0
tig00067666 32079 96,0,0,0 124,0,0,0 17,0,0,1 18,0,0,0 18,0,0,0 38,0,0,0 40,0,0,0 20,0,0,0
tig00060475 21140 0,0,0,120 0,0,0,132 0,0,0,20 0,0,0,18 0,0,0,20 0,0,0,38 0,0,0,40 0,0,1,17
tig00103766 7685 0,120,0,0 0,128,0,0 0,18,0,2 0,20,0,0 0,20,0,0 0,38,0,0 0,38,0,0 0,16,0,0
tig00036741 28039 0,0,0,114 0,0,0,124 0,0,0,18 0,0,0,20 0,0,0,20 0,0,0,40 0,0,0,40 0,1,0,17
tig00039403 19273 116,0,0,0 138,0,0,0 17,0,0,3 20,0,0,0 20,0,0,0 38,0,0,0 40,0,0,0 16,0,0,0
tig00090657 24164 0,107,0,19 0,112,0,24 0,18,0,0 0,13,0,5 0,20,0,0 0,40,0,0 0,40,0,0 0,16,0,0
tig00003582 111664 0,0,0,86 0,0,0,96 0,0,0,20 0,0,0,18 0,3,0,15 0,0,0,26 0,0,0,30 0,0,0,16
tig00041875 7259 0,0,118,0 0,0,132,0 0,0,20,0 0,0,20,0 0,0,20,0 0,0,40,0 0,0,38,0 0,1,19,0
tig01928627 291447 0,7,0,117 0,0,0,130 0,0,0,20 0,0,0,18 0,0,0,20 0,0,0,40 0,0,0,40 0,0,0,20
tig00032576 12930 0,122,0,0 0,138,0,0 0,18,0,0 0,18,0,0 0,20,0,0 0,37,0,3 0,40,0,0 0,20,0,0
tig00082547 2013 104,0,20,0 116,0,20,0 15,0,5,0 20,0,0,0 19,0,1,0 35,0,5,0 38,0,2,0 19,0,1,0
tig00249380 20761 0,0,122,0 0,0,126,0 0,0,20,0 0,0,18,0 0,0,20,0 0,0,38,0 0,0,38,0 1,0,19,0
tig00085151 14363 0,0,120,0 0,0,134,0 0,0,14,0 0,0,18,0 0,0,18,0 0,0,38,0 0,0,38,0 1,0,19,0
tig00251154 28944 120,0,0,0 132,0,0,0 16,0,0,2 20,0,0,0 20,0,0,0 40,0,0,0 38,0,0,0 20,0,0,0
tig00008761 6311 0,116,0,0 0,136,0,0 0,18,2,0 0,19,1,0 0,10,10,0 0,27,13,0 0,33,7,0 0,17,3,0
tig00062681 23818 0,108,0,0 0,124,0,0 0,19,0,1 0,16,0,0 0,16,0,0 0,38,0,0 0,36,0,0 0,20,0,0
tig00056324 54684 110,0,0,0 134,0,0,0 20,0,0,0 17,0,1,0 20,0,0,0 40,0,0,0 38,0,0,0 20,0,0,0
tig01933434 3298 0,4,0,47 0,6,0,46 0,3,0,9 0,4,0,6 0,2,0,6 0,3,0,23 0,6,0,18 0,0,0,10
tig01933433 1758 22,0,0,0 28,0,0,2 10,0,0,0 6,0,0,0 8,0,0,0 16,0,0,0 20,0,0,0 12,0,0,0
tig01939139 27485 40,0,72,0 50,0,62,0 10,0,8,0 11,0,9,0 9,0,9,0 19,0,17,0 18,0,20,0 8,0,12,0
tig00029139 37272 0,13,0,87 0,17,0,87 0,2,0,10 0,2,0,16 0,0,0,14 0,17,0,19 0,11,0,21 0,3,0,9
tig00037664 13840 0,0,112,0 0,0,130,0 0,0,20,0 0,1,17,0 0,0,20,0 0,0,38,0 0,0,40,0 0,0,20,0
tig00017814 47368 0,0,0,112 0,0,0,126 1,0,0,19 1,0,0,19 0,0,0,16 0,0,0,40 3,0,0,37 1,0,0,19
tig00249433 48235 122,0,0,0 128,0,0,0 18,0,0,0 19,0,1,0 16,0,0,0 38,0,0,0 36,0,0,0 20,0,0,0
tig00111085 2008 57,0,65,0 67,0,73,0 9,0,9,0 8,0,12,0 11,0,9,0 19,0,21,0 17,0,21,0 11,0,9,0
tig00005703 60844 0,99,0,17 0,114,0,16 0,12,0,6 0,19,0,1 0,14,0,6 0,30,0,10 0,33,0,5 0,20,0,0
tig00105695 3809 0,0,0,124 0,0,0,138 1,0,0,19 0,0,0,20 0,0,0,20 0,0,0,40 0,0,0,38 0,0,0,20
tig00070045 26313 0,0,0,116 0,0,0,122 0,0,0,16 0,0,0,18 0,0,0,18 0,0,0,40 0,0,7,29 0,0,10,10
tig00001776 67253 69,0,0,57 77,0,0,61 11,0,0,9 10,0,0,10 12,0,0,8 20,0,0,20 23,0,0,17 11,0,0,9
tig00088852 5810 120,0,0,0 134,0,0,0 19,0,0,1 20,0,0,0 18,0,0,0 40,0,0,0 40,0,0,0 20,0,0,0
tig00262471 6215 120,0,0,0 128,0,0,0 20,0,0,0 20,0,0,0 19,0,0,1 38,0,0,0 40,0,0,0 20,0,0,0
tig00249164 92577 0,112,0,0 0,128,0,0 0,18,0,0 1,17,0,0 0,20,0,0 0,40,0,0 0,38,0,0 0,20,0,0
tig00020632 8259 0,57,0,69 0,61,0,77 0,9,0,11 0,9,0,11 0,7,0,13 0,13,0,23 0,18,0,22 0,11,0,9
tig00247671 85057 0,60,0,0 0,62,0,0 0,10,0,0 0,12,0,0 0,10,0,0 2,24,0,0 0,20,0,0 0,18,0,0
tig00013517 14582 0,0,118,0 0,0,132,0 0,1,17,0 0,0,20,0 0,0,20,0 0,0,38,0 0,0,38,0 0,0,18,0
tig00096673 10286 0,0,0,112 0,0,0,130 0,0,0,12 0,0,0,20 1,0,0,17 0,0,0,38 0,0,0,40 0,0,0,18
tig00009195 28482 66,0,0,0 68,0,0,0 4,0,0,2 12,0,0,0 12,0,0,0 16,0,0,0 16,0,0,0 8,0,0,0
tig00027384 21053 0,50,0,0 0,72,0,0 0,14,0,0 0,14,0,0 0,14,0,0 0,24,2,0 0,22,0,0 0,12,0,0
tig00066275 11223 110,0,0,0 128,0,0,0 16,0,2,0 20,0,0,0 20,0,0,0 40,0,0,0 40,0,0,0 20,0,0,0
tig00090013 14255 0,90,0,0 0,98,0,0 0,10,0,0 0,16,0,0 0,18,0,0 0,34,0,0 0,35,3,0 0,16,0,0
tig00095047 16053 5,0,63,0 8,0,80,0 0,0,10,0 0,0,12,0 0,0,12,0 0,0,14,0 0,0,18,0 0,0,12,0
tig00013570 13496 0,60,0,0 0,82,0,0 0,14,0,0 0,8,0,0 0,18,0,0 0,36,0,0 0,23,0,1 0,20,0,0
tig00017035 34056 0,124,0,0 0,132,0,0 0,18,0,0 0,16,0,4 0,20,0,0 0,40,0,0 0,40,0,0 0,20,0,0
tig00036808 8682 0,0,120,0 0,0,134,0 2,0,18,0 1,0,19,0 0,0,20,0 0,0,38,0 0,0,40,0 0,0,20,0
tig00120915 10067 104,0,0,0 118,0,0,0 9,0,0,1 12,0,0,0 12,0,0,0 30,0,0,0 30,0,0,0 18,0,0,0
tig00249218 26745 0,45,0,15 0,44,0,12 0,8,0,2 0,8,0,0 0,6,0,0 0,13,0,3 0,20,0,6 0,10,0,2
tig00015901 67344 0,0,32,0 0,0,34,0 0,0,6,0 0,0,8,0 0,0,10,0 0,2,24,0 0,0,22,0 0,0,8,0
tig00035118 6325 92,0,0,0 126,0,0,0 20,0,0,0 20,0,0,0 16,0,0,0 34,0,0,0 31,0,3,0 20,0,0,0
tig00046082 29972 82,0,0,0 108,0,0,0 14,0,0,0 18,0,0,0 13,1,0,0 30,0,0,0 30,0,0,0 16,0,0,0
tig00048884 22337 122,0,0,0 136,0,0,0 18,0,0,0 20,0,0,0 13,0,1,0 38,0,0,0 40,0,0,0 20,0,0,0
tig00010159 88351 42,0,84,0 45,0,87,0 6,0,14,0 7,0,13,0 8,0,12,0 10,0,30,0 10,0,26,0 10,0,8,0
tig00034646 8608 0,0,126,0 0,0,138,0 0,0,20,0 0,0,20,0 0,0,20,0 0,0,40,0 0,0,40,0 2,0,18,0
tig00012297 78737 0,126,0,0 0,140,0,0 0,20,0,0 0,18,0,2 0,20,0,0 0,40,0,0 0,40,0,0 0,20,0,0
tig00065412 29114 53,0,71,0 57,0,83,0 9,0,11,0 10,0,10,0 10,0,10,0 19,0,21,0 19,0,21,0 10,0,10,0
tig00017503 32171 60,0,62,0 67,0,69,0 8,0,10,0 10,0,6,0 9,0,7,0 17,0,23,0 18,0,22,0 10,0,10,0
tig00047073 13569 0,0,68,58 0,0,77,63 0,0,13,7 0,0,10,10 0,0,10,10 0,0,22,18 0,0,25,15 0,0,11,9
tig00066740 8311 0,23,0,103 0,22,0,116 0,2,0,18 0,6,0,14 0,8,0,12 0,4,0,36 0,14,0,26 0,7,0,13
tig00060234 11894 0,120,0,0 0,136,0,0 0,20,0,0 0,18,0,0 0,17,1,0 0,40,0,0 0,38,0,0 0,20,0,0
tig00099384 1615 0,0,0,124 0,0,0,138 1,0,0,19 0,0,0,20 0,0,0,20 0,0,0,38 0,0,0,40 0,0,0,18
tig00002231 80659 0,0,0,110 0,0,0,122 0,0,2,18 0,0,0,20 0,0,0,20 0,0,0,40 0,0,0,40 0,0,0,20
tig00003316 130310 0,126,0,0 0,140,0,0 0,20,0,0 0,19,0,1 0,20,0,0 0,40,0,0 0,40,0,0 0,20,0,0
tig00245365 10651 0,122,0,0 12,126,0,0 0,20,0,0 0,20,0,0 0,20,0,0 0,40,0,0 0,40,0,0 0,20,0,0
tig00245373 211081 0,0,0,124 0,0,0,140 0,2,0,16 0,0,0,20 0,0,0,18 0,0,0,38 0,0,0,40 0,0,0,20
tig01930277 5327 0,39,0,7 0,39,0,13 0,14,0,0 0,2,0,4 0,6,0,0 0,16,0,0 0,22,0,0 0,12,0,0
tig00248999 22632 43,0,0,83 39,0,0,101 8,0,0,12 8,0,0,12 10,0,0,10 20,0,0,20 21,0,0,19 10,0,0,10
tig00003524 17647 0,106,0,0 0,126,0,0 2,14,0,0 0,18,0,0 0,18,0,0 0,38,0,0 0,32,0,0 0,18,0,0
tig00075109 2446 0,0,0,112 0,0,0,126 0,0,0,18 0,0,0,20 0,3,0,13 0,5,0,29 0,0,0,36 0,0,0,20
tig00025624 36885 0,0,0,110 0,0,0,134 0,0,0,16 0,1,0,19 0,0,0,20 0,0,0,36 0,0,0,40 0,0,0,20
tig00246486 136040 8,0,112,0 18,0,96,0 1,0,15,0 0,0,18,0 0,0,18,0 0,0,32,0 0,0,38,0 0,0,18,0
tig00249925 2315 86,0,0,0 110,0,0,0 19,0,1,0 14,0,0,0 14,0,4,0 28,0,4,0 31,0,3,0 19,0,1,0
tig00008757 24310 0,0,0,122 0,0,0,132 0,0,0,20 3,0,0,17 0,0,0,20 0,0,0,40 0,0,0,40 2,0,0,18
tig00046489 17069 0,0,5,101 0,0,0,126 0,0,0,16 0,0,0,18 0,0,0,16 0,0,0,40 0,0,0,40 0,0,0,18
tig00247952 62772 122,0,0,0 134,0,0,0 20,0,0,0 20,0,0,0 20,0,0,0 40,0,0,0 38,0,0,0 17,0,1,0
tig00248484 101147 0,70,0,0 0,78,0,0 0,14,0,0 0,14,0,0 0,14,0,0 2,24,0,0 0,24,0,0 0,10,0,0
tig00031607 10912 0,0,126,0 0,0,140,0 1,0,19,0 0,0,20,0 0,0,20,0 0,0,40,0 0,0,40,0 0,0,20,0
tig01931902 18091 9,113,0,0 0,128,0,0 0,20,0,0 1,17,0,0 0,20,0,0 0,40,0,0 0,40,0,0 0,20,0,0
tig00148133 8050 0,0,0,126 0,0,0,140 0,0,0,20 0,0,0,20 0,0,0,20 0,0,0,38 0,2,0,38 0,2,0,18
tig00061967 18267 0,0,0,118 0,0,0,126 1,0,0,15 0,0,0,20 0,0,0,14 0,0,0,38 0,0,0,36 0,0,0,20
tig00254103 25523 0,67,57,0 0,75,63,0 0,12,8,0 0,11,9,0 0,10,10,0 0,20,20,0 0,25,15,0 0,15,5,0
tig00050583 12470 122,0,0,0 124,0,0,0 18,0,0,0 20,0,0,0 17,0,0,1 36,0,0,0 38,0,0,0 18,0,0,0
tig00077080 8762 0,0,0,122 0,0,0,132 0,0,0,20 0,1,0,19 0,0,0,20 0,0,0,40 0,0,0,40 0,0,0,20
tig00058443 5682 0,124,0,0 0,138,0,0 0,19,1,0 0,18,0,0 0,20,0,0 0,40,0,0 0,38,0,0 0,18,0,0
tig00022850 2210 0,126,0,0 0,128,0,0 0,18,0,0 0,20,0,0 0,17,0,1 0,38,0,0 0,24,0,0 0,18,0,0
tig00100969 2435 72,0,0,0 72,0,0,0 14,0,2,0 6,0,0,0 14,0,0,0 24,0,0,0 22,0,0,0 18,0,0,0
tig00261663 12774 0,28,0,0 0,14,0,0 2,6,0,0 0,6,0,0 0,6,0,0 0,8,0,0 0,8,0,0 0,6,0,0
tig00000700 26308 0,63,63,0 0,69,71,0 0,11,9,0 0,11,9,0 0,11,9,0 0,21,19,0 0,20,20,0 0,11,9,0
tig01934478 6323 0,0,0,54 0,0,0,62 1,0,0,15 0,0,0,10 0,0,0,20 0,0,0,34 0,0,0,26 0,0,0,10
tig00068127 14329 0,0,116,0 0,0,134,0 0,0,18,0 0,0,18,0 0,0,20,0 0,0,40,0 0,0,40,0 0,0,17,1
tig01932760 10336 0,0,62,60 0,0,70,68 0,0,10,10 0,0,9,11 0,0,10,10 0,0,20,20 0,0,20,20 0,0,11,9
tig00013335 95860 0,112,0,0 0,124,0,0 1,19,0,0 0,18,0,0 0,18,0,0 0,38,0,0 0,38,0,0 0,20,0,0
tig00022180 61452 120,0,0,0 130,0,0,0 18,0,2,0 15,0,1,0 18,0,0,0 36,0,2,0 38,0,2,0 20,0,0,0
tig00050117 3588 0,54,0,0 0,74,0,0 0,12,0,0 0,9,0,2 0,14,0,0 0,22,0,0 0,40,0,0 0,14,0,0
tig00245715 182441 124,0,0,0 140,0,0,0 17,0,1,0 14,0,0,0 20,0,0,0 40,0,0,0 40,0,0,0 20,0,0,0
tig00053414 15294 0,74,0,0 0,80,0,0 0,8,0,0 0,16,0,0 0,10,0,0 2,20,0,0 0,24,0,0 0,10,0,0
tig01938351 20598 0,0,120,0 0,0,138,0 0,0,20,0 0,0,20,0 0,1,17,0 0,0,38,0 0,0,40,0 0,0,20,0
tig00255639 40959 0,0,0,106 0,0,0,126 0,0,0,16 0,0,0,18 4,0,0,16 0,0,0,32 0,0,0,38 0,0,0,20
tig00251991 4256 0,0,32,0 0,0,46,0 0,0,8,2 0,0,8,0 0,0,10,0 0,0,10,0 0,0,14,0 0,0,6,0
tig00014260 82642 0,0,122,0 0,0,136,0 0,0,20,0 0,0,18,0 0,0,19,1 0,0,38,0 0,0,38,0 0,0,20,0
tig00034175 47254 114,0,0,0 138,0,0,0 18,0,0,0 18,0,0,0 17,0,0,1 40,0,0,0 40,0,0,0 20,0,0,0
tig00070442 9906 0,0,76,0 0,0,84,0 0,0,14,0 0,0,10,0 0,0,12,0 0,0,16,0 0,0,24,0 2,0,14,0
tig00088031 18428 122,0,0,0 134,0,0,0 18,0,0,2 20,0,0,0 20,0,0,0 40,0,0,0 36,0,0,0 18,0,0,0
tig00031488 14509 0,116,0,0 0,140,0,0 0,18,0,0 0,17,0,1 0,20,0,0 0,40,0,0 0,32,0,8 0,18,0,0
tig00016743 58909 0,0,122,0 0,0,122,0 0,0,16,0 3,0,17,0 0,0,20,0 0,0,38,0 0,0,40,0 0,0,20,0
tig01931249 32984 0,118,0,0 0,136,0,0 0,15,0,1 0,20,0,0 0,20,0,0 0,40,0,0 0,38,0,0 0,20,0,0
tig01931247 18232 0,0,76,0 0,0,80,0 0,0,14,0 0,1,9,0 0,0,16,0 0,0,22,0 0,0,22,0 0,0,18,0
tig00015877 29048 48,0,0,68 45,0,0,79 8,0,0,8 6,0,0,14 0,0,0,20 0,0,0,40 0,0,0,38 0,0,0,20
tig00257654 58103 0,122,0,0 0,140,0,0 1,19,0,0 0,20,0,0 0,20,0,0 0,38,0,0 0,40,0,0 0,20,0,0
tig00030173 1826 0,0,0,78 0,0,0,90 0,0,0,20 0,0,0,20 0,0,0,16 11,0,0,27 0,0,0,34 0,0,0,20
tig00245924 10685 0,120,0,0 0,140,0,0 0,18,0,0 0,20,0,0 0,20,0,0 0,40,0,0 0,37,0,3 0,20,0,0
tig00033714 9729 0,0,118,0 0,0,124,0 0,0,19,1 0,0,20,0 0,0,18,0 0,0,40,0 0,0,40,0 0,0,20,0
tig00078902 21449 0,0,0,104 0,0,0,108 0,0,0,18 0,0,0,18 2,0,0,10 0,0,0,36 0,0,0,36 0,0,0,18
tig00026097 51239 0,0,0,78 0,0,0,90 0,0,0,12 1,0,0,15 0,0,0,16 0,0,0,32 0,0,0,32 0,0,0,10
tig00003819 20770 126,0,0,0 134,0,0,0 20,0,0,0 19,0,1,0 20,0,0,0 40,0,0,0 38,0,0,0 20,0,0,0
tig00014525 3504 12,0,28,0 15,0,27,0 0,0,6,0 2,0,8,0 3,0,7,0 0,0,10,0 4,0,14,0 4,0,2,0
tig01933532 7451 0,0,0,116 0,0,0,128 0,0,0,20 0,0,0,20 0,0,0,20 0,0,0,38 5,0,0,33 2,0,0,18
tig00073701 18786 0,124,0,0 0,134,0,0 2,18,0,0 0,20,0,0 0,18,0,0 0,34,0,0 0,36,0,0 0,20,0,0
tig00024217 4812 0,66,0,12 0,64,0,16 0,17,0,1 0,14,0,0 0,10,0,2 0,23,0,7 0,28,0,0 0,12,0,0
tig00249230 39490 0,112,0,0 0,122,0,0 0,14,0,0 0,18,0,0 0,20,0,0 0,38,0,0 0,34,6,0 0,18,0,0
tig00245829 92572 0,0,0,72 0,0,0,92 0,0,0,18 0,1,0,19 0,0,0,16 0,0,0,34 0,0,0,34 0,0,0,18
tig00025291 6058 0,112,0,0 0,110,0,0 0,20,0,0 0,20,0,0 0,19,0,1 0,38,0,0 0,36,0,0 0,20,0,0
tig00126986 3672 0,0,68,0 0,0,66,0 0,0,10,0 0,0,14,0 0,0,16,0 0,0,27,1 0,0,16,0 0,0,14,0
tig00054393 5650 0,0,60,0 0,0,56,0 0,0,16,0 0,0,10,0 0,0,12,0 0,0,22,0 0,0,34,0 3,0,9,0
tig00008806 15778 0,44,0,20 0,64,0,12 0,15,0,3 0,3,0,7 0,14,0,6 0,0,0,32 0,32,0,4 0,20,0,0
tig00018600 40551 0,118,0,0 0,132,0,0 0,18,0,0 0,19,1,0 0,20,0,0 0,38,0,0 0,40,0,0 0,18,0,0
tig00100579 15537 0,57,0,65 0,69,0,67 0,12,0,4 0,13,0,7 0,8,0,8 0,17,0,21 0,20,0,20 0,11,0,5
tig00063419 16824 92,0,0,0 124,0,0,0 20,0,0,0 18,0,0,0 18,0,0,0 34,0,4,0 36,0,0,0 18,0,0,0
tig00252036 20907 0,0,120,0 0,0,128,0 2,0,16,0 0,0,20,0 0,0,14,0 0,0,40,0 0,0,38,0 0,0,20,0
tig00061438 18977 0,64,0,60 0,69,0,69 0,11,0,9 0,10,0,10 0,10,0,10 0,21,0,19 0,20,0,20 0,10,0,10
tig00011452 112568 0,0,0,80 0,0,0,96 0,1,0,17 0,0,0,12 0,1,0,13 0,0,0,26 0,0,0,26 0,0,0,16
tig01933643 3481 14,68,0,0 13,69,0,0 4,12,0,0 4,12,0,0 2,14,0,0 8,22,0,0 6,34,0,0 5,15,0,0
tig00250375 44438 0,96,0,0 0,108,0,0 0,14,0,0 0,13,0,1 0,18,0,0 0,34,0,0 0,26,0,0 0,8,0,0
tig00254796 9036 114,0,0,0 132,0,0,0 18,0,0,0 19,0,1,0 20,0,0,0 40,0,0,0 38,0,0,0 20,0,0,0
tig01928650 198321 0,98,0,24 0,129,0,11 0,20,0,0 0,15,0,5 0,18,0,0 0,40,0,0 0,36,0,0 0,20,0,0
tig00250798 96421 0,84,0,0 0,90,0,0 0,10,0,0 0,10,0,0 0,18,0,0 0,38,0,0 0,21,0,1 0,13,0,1
tig00002025 3768 0,0,68,0 0,0,66,0 0,0,14,0 0,0,18,0 0,1,17,0 0,0,36,0 0,0,26,0 0,0,18,0
tig01934465 8160 76,0,0,0 80,0,0,0 18,0,0,0 16,0,0,0 18,0,0,0 28,0,0,0 28,0,0,0 17,0,0,1
tig00013396 67067 0,0,126,0 0,0,140,0 0,0,20,0 1,0,19,0 0,0,20,0 0,0,38,0 0,0,38,0 0,0,16,0
tig00259434 46982 0,122,0,0 0,140,0,0 0,20,0,0 0,20,0,0 0,20,0,0 0,40,0,0 0,40,0,0 0,17,0,1
tig00008790 39378 0,118,0,0 0,128,0,0 0,19,0,1 0,20,0,0 0,20,0,0 0,36,0,0 0,38,0,0 0,20,0,0
tig01936130 4887 0,0,0,36 0,0,0,64 2,0,0,8 0,0,0,14 0,0,0,6 0,0,0,12 0,0,0,22 0,0,0,16
tig00245881 96426 0,126,0,0 0,138,0,0 0,20,0,0 0,18,0,2 0,20,0,0 0,40,0,0 0,38,0,0 0,19,0,1
tig00249397 14548 0,113,0,7 0,110,0,24 0,11,0,7 0,18,0,0 0,9,0,11 0,20,0,18 0,26,0,14 0,15,0,5
tig00119894 4158 0,98,12,0 0,97,29,0 0,17,1,0 0,8,6,0 0,19,1,0 0,40,0,0 0,31,7,0 0,16,2,0
tig00048243 27702 0,122,0,0 0,136,0,0 0,17,1,0 0,18,0,0 0,20,0,0 0,40,0,0 0,40,0,0 0,18,0,0
tig00254626 43204 0,0,0,124 0,0,0,138 0,0,0,20 0,0,0,20 0,0,0,20 0,3,0,35 0,0,0,40 0,0,0,20
tig00020598 62623 0,0,118,0 0,0,124,0 1,0,19,0 0,0,20,0 0,0,20,0 0,0,40,0 0,0,40,0 0,0,20,0
tig00249433 39986 0,0,0,120 0,0,14,124 0,0,2,16 0,0,0,18 0,0,0,20 0,0,0,36 0,0,0,38 0,0,0,20
tig00039254 20531 0,113,0,13 0,127,0,7 0,20,0,0 0,16,0,4 0,20,0,0 0,38,0,0 0,36,0,0 0,18,0,0
tig00017814 39619 112,0,0,0 134,0,0,0 18,0,0,0 19,0,0,1 20,0,0,0 34,0,0,0 38,0,0,0 20,0,0,0
tig00246397 76324 0,0,122,0 0,0,134,0 0,0,18,0 0,0,20,0 0,0,20,0 0,0,40,0 0,0,40,0 3,0,17,0
tig00252884 17263 0,0,112,0 0,0,128,0 0,0,20,0 0,0,18,0 1,0,19,0 0,0,34,0 0,0,34,0 0,0,20,0
tig00051845 39676 0,0,63,61 0,0,70,62 0,0,7,9 0,0,14,6 0,0,9,11 0,0,9,31 0,0,29,11 0,0,10,10
tig00021987 38108 114,0,0,0 124,0,0,0 15,0,1,0 20,0,0,0 20,0,0,0 40,0,0,0 18,0,0,0 12,0,0,0
tig00044357 27182 0,0,11,111 0,0,12,118 0,0,3,13 0,0,9,9 0,0,9,11 0,0,14,24 0,0,7,31 0,0,0,20
tig00055632 15589 0,120,0,0 0,136,0,0 0,19,0,1 0,20,0,0 0,20,0,0 0,36,0,0 0,40,0,0 0,18,0,0
tig00252418 61898 82,0,30,0 86,0,34,0 18,0,0,0 15,0,1,0 16,0,0,0 32,0,0,0 34,0,0,0 18,0,0,0
tig01939229 2835 94,0,0,8 94,0,0,8 9,0,0,3 18,0,0,0 7,0,0,5 22,0,0,4 19,0,0,11 5,0,0,9
tig00021180 34748 0,0,100,0 0,0,116,0 0,0,18,0 0,0,18,0 10,0,8,0 0,0,40,0 0,0,40,0 0,0,18,0
tig00054548 22719 120,0,0,0 132,0,0,0 18,0,2,0 20,0,0,0 20,0,0,0 40,0,0,0 38,0,0,0 16,0,0,0
tig00085728 6561 0,108,0,0 0,134,0,0 0,17,0,1 0,20,0,0 0,18,0,0 0,40,0,0 0,36,0,0 0,20,0,0
tig00031166 23197 0,16,0,0 0,32,0,2 0,12,0,0 0,6,0,0 0,12,0,0 0,28,0,0 0,22,0,0 0,14,0,0
tig00010420 31469 0,106,0,0 0,134,0,0 0,19,1,0 0,20,0,0 0,20,0,0 0,38,0,0 0,40,0,0 0,20,0,0
tig00262054 22906 0,0,0,126 0,0,0,140 0,0,0,18 0,0,1,19 0,0,0,20 0,0,0,40 0,0,0,40 0,0,0,20
tig00246989 51032 0,68,0,0 0,86,0,0 0,12,0,0 1,15,0,0 0,10,0,0 0,26,0,0 0,36,0,0 0,18,0,0
tig00010599 16055 0,0,0,50 0,0,0,34 0,0,0,6 2,0,0,10 0,0,0,14 0,0,0,10 0,0,0,20 0,0,0,8
tig00250996 23193 0,86,0,0 0,76,0,0 0,16,0,0 0,10,0,0 0,14,0,0 0,26,0,0 0,13,0,3 0,4,0,2
tig00010584 54239 0,0,0,124 0,0,0,138 0,0,0,20 0,0,0,16 0,0,0,20 0,0,0,40 0,0,0,40 0,1,0,19
tig00013081 12012 0,0,0,82 0,0,0,98 0,1,0,15 0,0,0,16 0,0,0,12 0,0,0,30 0,0,0,34 0,0,0,12
tig00031078 13914 122,0,0,0 132,0,0,0 20,0,0,0 20,0,0,0 19,0,0,1 40,0,0,0 40,0,0,0 20,0,0,0
tig00261130 36700 0,46,0,8 0,66,0,0 0,20,0,0 0,9,0,1 0,18,0,0 0,32,0,0 0,17,0,3 0,14,0,0
tig01929099 16237 7,0,0,67 21,0,0,71 2,0,0,14 11,0,0,5 2,0,0,10 3,0,0,27 16,0,0,6 2,0,0,18
tig01932475 6533 0,74,0,0 0,62,0,0 0,6,2,0 0,20,0,0 0,16,2,0 0,28,0,0 0,36,0,0 0,16,0,0
tig00015352 16669 56,0,0,0 74,0,0,0 4,0,2,0 14,0,0,0 6,0,0,0 12,0,0,0 26,0,0,0 8,0,0,0
tig00068784 6816 0,107,0,9 0,129,0,7 0,18,0,0 0,17,0,1 0,18,0,0 0,36,0,0 0,40,0,0 0,20,0,0
tig01936323 1474 0,0,0,126 0,0,0,140 0,0,0,20 1,0,0,19 0,0,0,20 0,0,0,40 0,0,0,40 0,0,0,20
tig00014263 57305 0,0,86,32 0,0,112,28 0,0,13,7 0,0,20,0 0,0,16,4 0,0,32,8 0,0,22,18 0,0,13,7
tig00023196 14497 62,0,0,62 73,0,0,67 12,0,0,8 9,0,0,11 10,0,0,10 20,0,0,20 20,0,0,20 10,0,0,10
tig00058533 10130 0,0,20,102 0,0,18,120 0,0,0,18 0,0,0,18 0,0,0,20 0,0,0,38 0,0,0,40 0,0,0,18
tig00260129 14300 0,0,0,24 0,0,0,38 0,0,0,10 0,0,0,6 0,0,2,4 0,0,0,16 0,0,0,20 0,0,0,6
tig01930385 19927 0,112,0,0 0,116,0,0 1,17,0,0 0,18,0,0 0,18,0,0 0,40,0,0 0,36,0,0 0,20,0,0
tig00033361 6906 106,0,0,0 104,0,0,0 18,0,2,0 12,0,0,0 12,0,0,0 32,0,0,0 30,0,0,0 16,0,0,0
tig00257759 2833 0,0,30,0 0,0,52,0 0,0,6,0 0,1,5,0 0,0,10,0 0,0,26,0 0,0,16,0 0,0,10,0
tig00027724 22295 26,0,0,0 30,0,0,0 6,0,0,0 6,0,0,0 14,0,0,0 18,0,0,0 16,0,0,2 6,0,0,2
tig00260133 18236 0,117,0,9 0,140,0,0 0,20,0,0 0,20,0,0 0,20,0,0 0,40,0,0 0,40,0,0 0,20,0,0
tig00055579 41986 122,0,0,0 132,0,0,0 19,0,0,1 20,0,0,0 20,0,0,0 40,0,0,0 38,0,0,0 20,0,0,0
tig00040858 16252 0,126,0,0 0,136,0,0 0,18,0,0 0,18,0,0 0,17,1,0 0,40,0,0 0,40,0,0 0,20,0,0
tig00134010 1001 118,0,0,0 138,0,0,0 18,2,0,0 20,0,0,0 20,0,0,0 40,0,0,0 40,0,0,0 20,0,0,0
tig00008723 41446 0,124,0,0 0,140,0,0 0,20,0,0 0,20,0,0 2,18,0,0 0,40,0,0 0,40,0,0 0,20,0,0
tig00027343 44294 0,0,102,0 0,0,126,0 0,0,20,0 1,0,15,0 0,0,20,0 0,0,40,0 0,0,38,0 0,0,20,0
tig01930615 27990 0,100,0,0 0,126,0,0 0,18,0,2 0,16,0,0 0,12,0,0 0,30,0,0 0,32,0,0 0,18,0,0
tig00253943 18034 122,0,0,0 132,0,0,0 19,0,1,0 20,0,0,0 20,0,0,0 40,0,0,0 40,0,0,0 20,0,0,0
tig01939252 19055 0,0,116,0 0,0,130,0 0,0,20,0 0,1,17,0 0,0,20,0 0,0,38,0 0,0,40,0 0,0,20,0
tig01939253 5205 0,0,3,35 0,0,0,48 0,0,0,8 0,0,0,6 0,0,0,10 0,0,0,26 0,0,0,30 0,0,0,10
tig01928645 174028 0,0,122,0 0,0,132,0 0,0,18,0 0,0,18,2 0,0,20,0 0,0,40,0 0,0,38,0 0,0,18,0
tig00254322 44566 0,19,0,99 0,17,0,117 0,0,0,20 0,0,0,20 0,0,0,18 0,0,0,40 0,0,0,40 0,0,0,18
tig00025216 5711 0,122,0,0 0,140,0,0 0,20,0,0 0,20,0,0 0,20,0,0 0,38,0,0 0,40,0,0 1,17,0,0
tig00254832 13856 120,0,0,0 136,0,0,0 20,0,0,0 19,0,0,1 20,0,0,0 40,0,0,0 38,0,0,0 20,0,0,0
tig00020728 8307 116,0,0,0 136,0,0,0 18,0,0,0 18,2,0,0 18,0,0,0 36,0,0,0 40,0,0,0 20,0,0,0
tig00092974 10075 0,108,0,12 0,122,0,8 0,18,0,0 0,20,0,0 0,20,0,0 0,38,0,0 0,40,0,0 0,20,0,0
tig00046504 7840 0,0,120,0 0,0,132,0 1,0,19,0 0,0,20,0 0,0,20,0 0,0,40,0 0,0,40,0 0,0,20,0
tig00053874 7497 58,0,66,0 68,0,70,0 11,0,9,0 11,0,9,0 9,0,11,0 20,0,20,0 20,0,20,0 10,0,10,0
tig00046406 11546 120,0,0,0 134,0,0,0 18,0,0,0 17,0,0,1 20,0,0,0 40,0,0,0 38,0,0,0 18,0,0,0
tig00252025 45757 120,0,0,0 128,0,0,0 20,0,0,0 18,0,0,0 17,0,0,1 40,0,0,0 40,0,0,0 20,0,0,0
tig00003092 18119 0,0,106,0 15,0,117,0 2,0,16,0 1,0,11,0 2,0,16,0 2,0,30,0 2,0,32,0 2,0,18,0
tig00006365 48028 114,0,0,0 126,0,0,0 19,0,1,0 20,0,0,0 18,0,0,0 40,0,0,0 34,0,0,0 20,0,0,0
tig00011385 61582 0,122,0,0 0,136,0,0 0,18,0,0 0,18,0,0 0,20,0,0 0,40,0,0 0,38,0,0 0,19,1,0
tig00088862 20543 0,0,0,126 0,0,0,132 0,1,0,19 0,0,0,18 0,0,0,20 0,0,0,40 0,0,0,40 0,0,0,20
tig00106914 8349 112,0,0,0 104,0,0,0 20,0,0,0 20,0,0,0 16,0,0,0 40,0,0,0 36,0,0,0 15,0,5,0
tig01930276 4377 0,0,0,48 0,2,0,30 0,0,0,8 0,0,0,10 0,0,0,10 0,0,0,16 0,0,0,14 0,0,0,10
tig00100702 9166 0,0,100,0 17,0,111,0 5,0,13,0 0,0,16,0 0,0,20,0 0,0,38,0 0,0,36,0 0,0,20,0
tig00261553 25431 51,3,0,0 60,6,0,0 12,0,0,0 8,0,0,0 6,0,0,0 16,0,0,0 22,0,0,0 10,0,0,0
tig00250726 22705 22,98,0,0 20,116,0,0 0,20,0,0 1,17,0,0 0,20,0,0 0,40,0,0 0,40,0,0 0,20,0,0
tig01930657 6245 0,0,6,76 0,0,0,92 0,0,0,14 0,0,1,13 0,0,0,10 0,0,1,23 0,0,0,34 0,0,0,14
tig00098859 11057 0,0,82,0 0,0,106,0 0,0,18,0 0,1,15,0 0,0,18,0 0,0,34,0 0,0,20,0 0,0,14,0
tig00248349 18296 0,108,0,0 0,112,0,0 0,16,0,2 0,18,0,0 0,20,0,0 0,36,0,0 0,40,0,0 0,20,0,0
tig00247392 50913 0,0,62,64 0,0,69,71 0,0,10,10 0,0,9,11 0,0,9,11 0,0,20,20 0,0,20,20 0,0,10,10
tig00063194 5943 112,0,0,0 128,0,0,0 20,0,0,0 19,0,1,0 20,0,0,0 40,0,0,0 40,0,0,0 18,0,0,0
tig00069434 12703 0,94,0,24 0,87,0,47 0,20,0,0 0,16,0,4 0,14,0,6 0,36,0,4 0,38,0,0 0,20,0,0
tig01928635 20478 0,64,62,0 0,73,67,0 0,11,9,0 0,10,10,0 0,10,10,0 0,20,20,0 0,20,20,0 0,9,11,0
tig00069920 5775 45,0,81,0 57,0,83,0 10,0,10,0 8,0,12,0 10,0,10,0 20,0,20,0 19,0,21,0 10,0,10,0
tig01940109 10620 23,0,103,0 31,0,109,0 3,0,17,0 5,0,15,0 0,0,20,0 11,0,29,0 7,0,33,0 3,0,17,0
tig00255162 48333 0,112,0,0 0,132,0,0 0,18,0,2 0,20,0,0 0,20,0,0 0,38,0,0 0,40,0,0 0,20,0,0
tig00035004 7982 124,0,0,0 114,0,20,0 16,0,0,0 20,0,0,0 18,0,0,0 40,0,0,0 36,0,0,0 18,0,0,0
tig00016857 80031 0,115,0,7 0,136,0,0 0,20,0,0 0,20,0,0 0,19,0,1 0,40,0,0 0,36,0,0 0,20,0,0
tig00245832 101755 0,0,0,114 0,0,0,128 1,0,0,15 2,0,0,18 1,0,0,19 2,0,0,36 0,0,0,40 4,0,0,16
tig00027996 31298 0,124,0,0 0,134,0,0 0,18,0,0 0,16,0,0 0,20,0,0 0,40,0,0 0,40,0,0 0,15,0,5
tig00249428 32519 106,10,0,0 104,20,0,0 17,3,0,0 20,0,0,0 20,0,0,0 40,0,0,0 36,0,0,0 20,0,0,0
tig00256457 23044 0,0,43,83 0,0,46,94 0,0,8,12 0,0,1,19 0,0,9,11 0,0,13,27 0,0,15,25 0,0,5,15
tig00252518 12387 25,0,0,17 39,0,0,9 11,0,0,1 14,0,0,0 6,0,0,2 18,0,0,0 20,0,0,2 6,0,0,4
tig01933177 6219 42,0,0,0 50,0,0,0 14,0,0,0 10,0,0,0 12,0,0,0 26,0,0,0 29,2,0,0 14,0,0,0
tig00039066 14455 0,0,72,12 0,0,62,16 0,0,16,0 0,0,18,0 0,0,16,0 0,0,34,0 0,0,18,4 0,0,14,0
tig00079445 3579 0,0,0,116 0,0,0,126 1,0,0,17 0,0,0,20 0,0,0,18 0,0,0,40 0,0,0,38 0,0,0,20
tig00259325 20263 0,0,0,120 0,0,0,136 0,1,0,19 0,0,0,20 0,0,0,20 0,0,0,40 0,0,0,40 0,0,0,18
tig01930126 11701 124,0,0,0 132,0,0,0 20,0,0,0 19,0,1,0 20,0,0,0 40,0,0,0 40,0,0,0 20,0,0,0
tig00247316 60411 98,0,0,0 128,0,0,0 18,0,0,0 20,0,0,0 19,0,1,0 36,0,0,0 38,0,0,0 18,0,0,0
tig00252540 34654 0,0,42,0 0,0,48,0 2,0,10,0 0,0,6,0 0,0,14,0 0,0,24,0 0,0,30,0 0,0,12,0
tig00076366 7790 120,0,0,0 138,0,0,0 20,0,0,0 16,0,0,2 15,0,0,5 40,0,0,0 38,0,0,0 18,0,0,0
tig01940258 21107 0,114,0,0 0,134,0,0 1,17,0,0 0,20,0,0 0,18,0,0 0,38,0,0 0,38,0,0 0,20,0,0
tig00067009 2385 12,0,0,42 23,0,0,25 0,0,0,8 2,0,0,12 0,0,0,14 0,0,0,28 0,0,0,24 0,0,0,16
tig00086428 16818 0,0,122,0 0,0,126,0 0,0,16,0 0,0,20,0 0,0,20,0 0,0,40,0 0,0,40,0 1,0,19,0
tig00090618 11657 0,112,0,0 0,124,0,0 0,19,0,1 0,20,0,0 0,18,0,0 0,38,0,0 0,38,0,0 0,20,0,0
tig00012051 23783 0,126,0,0 0,140,0,0 0,20,0,0 0,19,1,0 0,20,0,0 0,38,0,0 0,40,0,0 0,20,0,0
tig00054278 9481 0,0,13,109 0,0,10,130 0,0,0,18 0,0,9,7 0,0,4,16 0,0,0,40 0,0,0,38 0,0,0,18
tig01929200 36247 0,0,114,0 0,0,122,0 0,0,18,0 1,0,19,0 0,0,18,0 0,0,40,0 0,0,36,0 0,0,20,0
tig00090994 8598 0,108,0,0 0,98,0,0 0,18,0,0 0,17,1,0 0,12,0,0 0,26,0,0 0,28,0,0 0,12,0,0
tig01929813 50447 0,112,0,0 0,128,0,0 0,18,0,0 0,20,0,0 1,19,0,0 0,40,0,0 0,38,0,0 0,20,0,0
tig00079695 5699 120,0,0,0 130,0,0,0 18,0,0,2 20,0,0,0 20,0,0,0 38,0,0,0 40,0,0,0 20,0,0,0
tig00262780 31805 0,120,0,0 0,134,0,0 0,19,0,1 0,16,0,0 0,20,0,0 0,36,0,0 0,40,0,0 0,20,0,0
tig00052264 10718 0,0,0,92 0,0,0,86 3,0,0,3 0,0,0,18 0,0,0,6 0,0,0,28 0,0,0,32 0,0,0,14
tig01929675 72458 122,0,0,0 136,0,0,0 17,1,0,0 16,0,0,0 19,1,0,0 38,0,0,0 38,0,0,0 20,0,0,0
tig01931036 20646 0,0,0,116 0,0,0,132 2,0,0,16 0,0,0,16 0,0,0,20 0,0,0,38 0,0,0,40 0,0,0,20
tig01933380 5702 0,107,0,11 0,132,0,0 0,20,0,0 0,20,0,0 0,18,0,0 0,40,0,0 0,38,0,0 0,20,0,0
tig00048081 20256 0,0,92,6 0,0,108,0 0,0,12,0 0,0,14,0 0,0,18,0 0,0,34,0 0,0,24,0 0,0,16,0
tig00252332 40181 0,0,0,118 0,0,0,130 0,0,0,18 0,0,0,20 0,1,0,17 0,0,0,38 0,0,0,40 0,0,0,20
tig00060784 22736 0,0,116,0 0,0,134,0 0,1,19,0 0,0,20,0 0,0,18,0 0,0,40,0 0,0,40,0 0,0,20,0
tig00001605 32224 102,0,22,0 104,0,36,0 17,0,3,0 13,0,7,0 15,0,5,0 26,0,12,0 33,0,7,0 11,0,9,0
tig00087849 19397 0,0,0,82 0,0,0,88 0,0,0,12 0,0,0,18 0,0,0,14 0,0,0,32 0,0,0,26 0,2,0,14
tig00027890 20287 0,0,0,120 0,0,0,140 0,0,0,20 0,0,0,20 0,1,0,19 0,0,0,40 0,0,0,36 0,0,0,20
tig00247531 16722 0,116,0,0 0,132,0,0 0,18,0,0 0,18,0,0 0,20,0,0 0,40,0,0 0,34,0,6 0,18,0,2
tig00105346 14262 75,0,35,0 81,0,43,0 13,0,7,0 16,0,4,0 14,0,6,0 30,0,10,0 31,0,9,0 14,0,6,0
tig00251731 37279 0,7,0,115 0,7,0,124 0,3,0,17 0,5,0,15 0,1,0,17 0,2,0,38 0,6,0,34 0,1,0,17
tig00007969 6650 126,0,0,0 140,0,0,0 20,0,0,0 20,0,0,0 18,0,2,0 40,0,0,0 40,0,0,0 20,0,0,0
tig00107663 10485 0,0,88,0 0,0,104,0 0,0,12,0 0,0,15,1 0,0,6,0 0,0,18,0 0,0,24,0 0,0,10,0
tig00111377 5370 0,48,0,78 0,52,0,88 0,3,0,17 0,9,0,11 0,3,0,17 0,15,0,25 0,11,0,29 0,3,0,17
tig01933502 23524 62,0,0,0 58,0,0,0 12,0,0,0 12,0,0,0 14,0,0,0 22,0,0,0 19,0,1,0 12,0,0,0
tig00075811 12025 0,126,0,0 0,138,0,0 0,20,0,0 0,19,0,1 0,20,0,0 0,40,0,0 0,40,0,0 0,20,0,0
tig00096728 7692 78,0,0,8 96,0,0,0 14,0,0,0 16,0,0,0 18,0,0,0 28,0,0,0 34,0,0,0 10,0,0,0
tig01929144 14993 0,0,118,0 0,0,128,0 1,0,17,0 0,0,20,0 0,0,18,0 0,0,40,0 0,0,40,0 0,0,20,0
tig01932826 39401 0,0,84,0 0,0,100,0 0,0,14,0 0,0,16,0 0,0,18,0 0,0,34,0 2,0,24,0 0,0,12,0
tig00050153 15573 24,0,0,86 34,0,0,98 7,0,0,13 4,0,0,16 4,0,0,16 9,0,0,31 12,0,0,28 7,0,0,13
tig00059996 4609 12,0,0,94 8,0,0,86 0,0,0,10 4,0,0,14 3,0,0,17 0,0,0,30 0,0,0,12 0,0,0,6
tig00060722 11839 0,0,0,104 0,0,0,114 0,2,0,18 0,1,0,13 0,1,0,17 0,0,0,32 0,2,0,38 0,0,0,20
tig00032529 19875 0,122,0,0 0,136,0,0 0,20,0,0 0,20,0,0 0,14,0,6 0,40,0,0 0,40,0,0 0,20,0,0
tig00010874 18680 124,0,0,0 138,0,0,0 19,0,0,1 20,0,0,0 20,0,0,0 40,0,0,0 40,0,0,0 20,0,0,0
tig00032301 26106 0,0,114,0 0,0,136,0 0,0,18,0 0,0,20,0 5,0,15,0 0,0,40,0 10,0,30,0 3,0,17,0
tig00016360 9449 0,118,0,0 0,132,0,0 0,20,0,0 0,19,1,0 0,18,0,0 0,38,0,0 0,40,0,0 0,16,0,0
tig00030365 7270 0,0,0,74 0,0,0,100 0,0,0,6 0,0,0,8 0,0,0,8 0,0,0,22 0,0,0,18 0,0,1,15
tig00256317 41598 0,0,0,120 0,0,0,130 0,0,0,18 0,0,0,20 0,0,0,18 2,0,0,30 0,0,0,40 0,0,0,18
tig00260240 237 0,0,126,0 0,0,140,0 2,0,18,0 1,0,19,0 0,0,20,0 0,0,40,0 0,0,40,0 1,0,19,0
tig00085346 8098 0,0,84,0 0,0,100,0 3,0,17,0 0,0,14,0 0,0,20,0 0,0,34,0 2,0,29,0 0,0,18,0
tig00027337 12214 0,0,124,0 0,0,132,0 0,0,16,0 3,0,17,0 6,0,14,0 10,0,30,0 4,0,34,0 0,0,16,0
tig00011323 18799 0,122,0,0 0,134,0,0 0,20,0,0 0,19,0,1 0,20,0,0 0,40,0,0 0,38,0,2 0,20,0,0
tig00246043 38525 0,0,0,120 0,0,0,136 0,1,0,17 0,0,0,20 0,0,0,20 0,0,0,38 0,0,0,40 0,0,0,20
tig00085268 20002 0,0,122,0 0,0,138,0 0,0,20,0 3,0,17,0 0,0,20,0 0,0,40,0 0,0,40,0 0,0,20,0
tig00252723 12579 48,0,72,0 52,0,82,0 10,0,10,0 11,0,9,0 10,0,10,0 20,0,20,0 19,0,21,0 9,0,11,0
tig00036402 12785 0,0,126,0 0,0,140,0 0,0,18,0 0,0,20,0 2,0,18,0 0,0,40,0 0,0,40,0 0,0,20,0
tig00251650 47529 0,0,98,0 0,0,120,0 0,0,16,0 0,0,16,0 0,0,20,0 0,0,40,0 0,0,40,0 0,0,17,1
tig00080993 6817 0,0,92,6 0,0,96,0 0,0,16,0 0,0,18,0 0,0,16,0 0,0,30,0 0,0,24,0 0,0,10,0
tig00010636 66551 0,0,76,0 0,0,74,0 0,0,14,0 0,0,16,0 0,0,16,0 0,0,38,0 0,0,40,0 0,0,17,1
tig00114775 2571 0,96,0,0 0,98,0,12 0,14,0,0 0,15,0,3 0,9,0,5 0,32,0,4 0,36,0,0 0,18,0,0
tig00246175 77245 0,0,76,0 0,0,52,0 0,0,5,1 0,0,14,0 0,0,14,0 0,0,30,0 0,0,38,0 0,0,16,0
tig00251971 12226 0,120,0,0 0,132,0,0 0,17,1,0 0,20,0,0 0,18,0,0 0,40,0,0 0,36,0,0 0,6,0,0
tig00261128 9475 0,0,0,60 0,0,0,70 0,0,0,12 0,0,0,16 0,0,0,14 0,0,0,26 1,0,0,15 0,0,0,10
tig01931055 44635 0,0,63,5 0,0,73,5 0,0,10,0 0,0,14,0 0,0,16,0 0,0,34,0 0,0,40,0 0,0,20,0
tig00054076 2938 10,0,0,98 9,0,0,123 0,0,0,16 0,0,0,20 0,0,0,20 2,0,0,36 2,0,0,36 2,0,0,18
tig00058681 33416 9,0,0,115 10,0,0,120 5,0,0,13 0,0,0,14 2,0,0,18 0,0,0,36 5,0,0,35 1,0,0,17
tig00075044 8607 0,126,0,0 0,140,0,0 0,18,0,0 0,20,0,0 0,14,0,6 0,40,0,0 0,40,0,0 0,20,0,0
tig00084319 8834 73,11,0,0 73,19,0,0 4,2,0,0 14,4,0,0 6,8,0,0 1,33,0,0 0,38,0,0 0,16,0,0
tig00118990 8777 15,107,0,0 7,131,0,0 3,17,0,0 0,20,0,0 0,20,0,0 0,40,0,0 0,38,0,0 0,20,0,0
tig00251648 31701 122,0,0,0 130,0,0,0 16,0,0,0 16,0,0,0 20,0,0,0 40,0,0,0 38,0,0,0 17,0,0,1
tig01929192 25855 0,0,95,21 0,0,95,39 0,0,15,3 0,0,13,1 0,0,20,0 0,0,40,0 0,0,36,0 0,0,14,0
tig00087020 8480 0,0,0,124 0,0,0,138 0,0,0,20 0,0,0,20 0,0,2,18 0,0,0,40 0,0,2,38 0,0,0,20
tig00087020 15533 116,0,0,0 128,0,0,0 17,0,1,0 20,0,0,0 20,0,0,0 40,0,0,0 40,0,0,0 20,0,0,0
tig00075681 12168 0,66,0,60 0,76,0,64 0,10,0,10 0,11,0,9 0,10,0,10 0,20,0,20 0,18,0,22 0,11,0,9
tig00251110 95089 109,0,9,0 126,0,0,0 20,0,0,0 19,0,1,0 17,0,3,0 40,0,0,0 34,0,6,0 18,0,2,0
tig00257399 16218 0,0,0,104 0,0,0,120 0,0,0,20 0,0,0,20 1,0,0,19 0,0,0,40 0,0,0,38 0,0,0,14
tig00019540 3827 0,0,124,0 0,0,140,0 0,0,19,1 0,0,20,0 0,0,20,0 0,0,40,0 0,0,38,0 0,0,20,0
tig01937358 7526 0,0,0,106 0,0,0,110 1,0,0,11 0,0,0,16 0,0,0,16 0,0,0,36 0,0,0,38 0,0,0,18
tig00062651 12921 0,0,112,0 0,0,140,0 0,0,20,0 0,0,20,0 0,1,19,0 0,0,38,0 0,0,34,0 0,0,14,0
tig00103360 1672 0,112,0,0 0,126,0,0 0,20,0,0 1,13,0,0 0,20,0,0 0,38,0,0 0,40,0,0 0,20,0,0
tig01936276 3703 0,20,0,90 0,18,0,118 0,5,0,15 0,11,0,9 0,10,0,10 0,25,0,11 0,24,0,12 0,5,0,15
tig00047616 35926 0,0,122,0 0,0,134,0 0,0,20,0 0,0,20,0 0,0,20,0 0,0,36,0 0,0,40,0 0,1,19,0
tig00135635 13399 0,0,124,0 0,0,138,0 1,0,19,0 0,0,20,0 0,0,20,0 0,0,38,0 0,0,38,0 0,0,20,0
tig01933688 11308 0,64,0,62 0,69,0,71 0,11,0,9 0,10,0,10 0,11,0,9 0,21,0,19 0,20,0,20 0,11,0,9
tig00001646 24716 126,0,0,0 140,0,0,0 19,0,1,0 20,0,0,0 20,0,0,0 40,0,0,0 40,0,0,0 20,0,0,0
tig00002998 3581 0,115,0,9 0,130,0,10 0,20,0,0 0,16,0,4 0,20,0,0 0,40,0,0 0,40,0,0 0,20,0,0
tig00043489 28123 116,0,0,0 134,0,0,0 18,0,0,0 20,0,0,0 20,0,0,0 38,0,0,2 35,0,0,5 20,0,0,0
tig00246351 77864 0,122,0,0 0,136,0,0 0,15,0,1 0,20,0,0 0,18,0,0 0,36,0,0 0,38,0,0 0,18,0,0
tig00260636 6659 0,0,126,0 0,0,138,0 0,0,18,0 0,1,17,0 0,0,20,0 0,0,40,0 0,0,36,0 0,0,18,0
tig00018693 15772 0,0,0,98 0,0,0,114 0,0,0,20 0,0,0,14 1,0,0,19 0,0,0,38 0,0,0,28 0,0,0,20
tig00263734 5537 15,0,111,0 36,0,102,0 6,0,14,0 1,0,19,0 0,0,20,0 0,0,40,0 9,0,31,0 0,0,20,0
tig00103489 9113 0,110,0,0 0,132,0,0 0,14,0,0 0,16,0,0 0,18,0,0 0,21,0,1 0,30,0,0 0,20,0,0
tig00105768 9406 126,0,0,0 140,0,0,0 20,0,0,0 19,0,0,1 20,0,0,0 40,0,0,0 40,0,0,0 20,0,0,0
tig00246749 35977 0,0,0,122 0,0,0,136 0,1,0,19 0,0,0,18 0,0,0,18 0,0,0,38 0,0,0,40 0,0,0,20
tig01932939 40792 0,0,108,0 13,0,95,0 0,0,18,0 0,0,18,0 0,0,18,0 0,0,28,0 0,0,34,0 0,0,16,0
tig00041284 16683 0,0,118,0 0,0,128,0 0,0,18,0 0,0,18,0 1,0,11,0 0,0,26,0 7,0,31,0 2,0,14,0
tig00024889 19191 0,0,0,122 0,0,0,134 0,1,0,17 0,0,0,20 0,0,0,20 0,0,0,38 0,0,0,40 0,0,0,20
tig00026009 50233 0,53,0,49 0,52,0,70 0,10,0,0 0,6,0,14 0,10,0,0 0,30,0,0 0,15,0,21 0,5,0,11
tig00257483 38734 0,124,0,0 0,138,0,0 1,19,0,0 0,20,0,0 0,20,0,0 2,38,0,0 0,40,0,0 0,20,0,0
tig00247165 59741 55,0,0,55 70,0,0,58 11,0,0,9 12,0,0,8 11,0,0,9 25,0,0,13 21,0,0,19 11,0,0,9
tig00009800 30686 0,74,0,12 0,93,0,13 0,15,0,3 0,14,0,0 0,13,0,5 0,27,0,7 0,32,0,0 0,16,0,0
tig00017207 20713 0,112,0,0 0,130,0,0 0,16,0,0 0,16,0,2 0,20,0,0 0,36,0,0 0,23,0,15 0,17,0,3
tig01938314 59027 0,0,0,98 0,0,0,108 0,0,0,12 0,0,0,14 0,0,2,14 0,0,0,28 0,0,0,22 0,0,0,12
tig00013032 19169 0,0,0,118 0,0,0,130 0,1,0,19 0,0,0,18 0,0,0,20 0,0,0,38 0,0,0,40 0,0,0,20
tig00059976 18122 0,0,120,0 0,0,136,0 0,0,16,2 0,0,20,0 0,0,20,0 0,0,40,0 0,0,40,0 0,0,20,0
tig00255259 969 0,122,0,0 0,138,0,0 2,18,0,0 0,20,0,0 2,18,0,0 4,36,0,0 4,34,0,0 0,20,0,0
tig00099210 3227 14,0,0,106 19,0,0,115 6,0,0,14 7,0,0,13 4,0,0,14 8,0,0,32 27,0,0,13 18,0,0,2
tig00257049 51670 0,0,118,0 0,0,136,0 0,0,20,0 0,1,19,0 0,0,20,0 0,0,40,0 0,0,40,0 0,0,20,0
tig00007630 28732 0,0,124,0 0,0,140,0 0,0,18,0 0,0,20,0 0,0,20,0 0,0,40,0 11,0,27,0 0,0,20,0
tig00000308 109505 0,104,0,0 0,120,0,0 0,18,0,0 0,10,0,0 0,20,0,0 0,34,0,0 0,40,0,0 0,18,0,2
tig00024261 31136 0,0,0,106 0,0,0,116 0,1,0,17 0,0,0,16 0,0,0,18 0,0,0,38 0,0,0,34 0,0,0,20
tig00071255 12911 112,0,0,0 124,0,0,0 12,0,0,0 12,0,0,0 15,0,1,0 20,0,0,0 22,0,0,0 16,0,0,0
tig00251484 67093 0,79,0,47 0,92,0,48 0,11,0,9 0,11,0,9 0,11,0,9 0,22,0,18 0,26,0,14 0,11,0,9
tig00013352 29432 76,0,0,0 100,0,0,0 20,0,0,0 19,0,1,0 18,0,0,0 28,0,0,0 32,0,0,0 18,0,0,0
tig00124850 30745 126,0,0,0 140,0,0,0 20,0,0,0 20,0,0,0 20,0,0,0 40,0,0,0 34,0,6,0 18,0,2,0
tig00042312 2522 0,0,37,9 0,0,35,5 0,0,6,2 0,0,10,0 0,0,12,4 0,0,17,1 0,0,18,2 0,0,12,0
tig00008220 27286 19,93,0,0 12,112,0,0 5,11,0,0 4,16,0,0 5,15,0,0 6,30,0,0 5,29,0,0 5,13,0,0
tig01930488 12876 0,0,0,122 0,0,0,128 0,0,0,20 0,0,0,20 0,0,0,18 0,0,0,38 0,0,0,40 0,2,0,18
tig00038675 12525 42,0,84,0 45,0,95,0 7,0,13,0 11,0,9,0 5,0,15,0 16,0,24,0 3,0,37,0 1,0,19,0
tig01938171 9438 25,0,79,0 25,0,105,0 5,0,13,0 0,0,20,0 12,0,8,0 0,0,34,0 2,0,36,0 0,0,18,0
tig00120255 17166 0,0,0,116 0,0,0,128 0,0,0,16 0,0,0,20 0,0,0,20 0,0,0,38 0,0,8,32 0,0,0,20
tig00246249 36091 126,0,0,0 140,0,0,0 20,0,0,0 19,0,0,1 20,0,0,0 37,0,0,3 40,0,0,0 19,0,0,1
tig00252201 11667 0,116,0,0 0,128,0,0 0,18,0,0 0,19,0,1 0,18,0,0 0,28,0,0 0,38,0,0 0,18,0,0
tig00088913 6153 0,0,118,0 0,0,132,0 0,0,18,2 0,0,20,0 0,0,20,0 0,0,36,0 0,0,38,0 0,0,20,0
tig00263635 10424 0,0,52,0 0,0,70,0 0,0,14,0 0,1,5,0 0,0,12,0 0,0,34,0 0,0,32,0 0,0,16,0
tig00250184 78840 0,112,0,0 0,132,0,0 0,20,0,0 1,19,0,0 0,20,0,0 0,38,0,0 0,34,0,0 0,16,0,0
tig00254805 18625 0,32,0,0 0,68,0,0 0,8,0,0 0,12,0,0 0,12,0,0 0,18,0,0 0,18,0,2 0,10,0,0
tig01930618 20167 22,100,0,0 16,116,0,0 2,16,0,0 0,20,0,0 13,7,0,0 12,22,0,0 0,40,0,0 0,18,0,0
tig00246173 52687 0,0,120,0 0,0,134,0 0,0,20,0 0,0,20,0 1,0,17,0 0,0,38,0 0,0,40,0 0,0,20,0
tig00122866 3586 0,0,79,45 0,0,83,53 0,0,15,5 0,0,11,9 0,0,19,1 0,0,26,12 0,0,30,10 0,0,10,8
tig00246173 87155 120,0,0,0 132,0,0,0 14,0,0,2 20,0,0,0 20,0,0,0 36,0,0,0 40,0,0,0 20,0,0,0
tig00040623 26302 117,0,7,0 134,0,0,0 18,0,0,0 18,0,2,0 20,0,0,0 40,0,0,0 40,0,0,0 20,0,0,0
tig00259201 15718 0,87,0,37 0,91,0,45 0,13,0,7 0,16,0,4 0,13,0,7 0,24,0,16 0,32,0,8 0,15,0,5
tig00255047 29320 0,0,0,114 0,0,0,118 0,0,0,16 0,1,0,19 0,0,0,18 0,0,0,38 0,0,0,34 0,0,0,18
tig00037744 12480 120,0,0,0 130,0,0,0 18,0,0,0 20,0,0,0 8,0,0,0 21,0,0,1 32,0,0,0 16,0,0,0
tig00003891 102925 120,0,0,0 134,0,0,0 19,0,1,0 20,0,0,0 16,0,2,0 40,0,0,0 34,0,6,0 19,0,1,0
tig00047956 12376 12,0,0,106 13,0,0,119 0,0,0,18 0,0,0,18 2,0,0,14 2,0,0,38 6,0,0,34 2,0,0,18
tig00112561 6243 44,0,0,0 42,0,0,0 10,0,0,0 6,0,4,0 14,0,0,0 22,0,0,0 28,0,0,0 16,0,0,0
tig00071188 13562 0,122,0,0 0,140,0,0 0,19,0,1 0,20,0,0 0,20,0,0 0,40,0,0 0,38,0,0 0,20,0,0
tig00085595 12193 0,0,90,0 0,0,114,0 0,0,8,0 0,0,17,3 0,0,18,0 0,0,36,0 0,0,32,0 0,0,16,0
tig00248922 30452 0,0,114,0 0,0,130,0 0,0,18,0 0,0,16,0 0,0,4,2 0,0,24,0 0,0,14,12 0,0,11,5
tig00246762 79125 0,98,0,0 0,118,0,0 0,12,0,0 1,15,0,0 0,14,0,0 0,22,0,0 0,36,0,0 0,20,0,0
tig00043187 20315 60,0,48,0 77,0,55,0 11,0,7,0 16,0,4,0 12,0,6,0 14,0,17,0 21,0,17,0 12,0,8,0
tig01928809 3777 0,77,5,0 0,74,0,0 0,12,0,0 0,10,0,0 0,14,0,0 0,24,0,0 0,10,0,0 0,16,0,0
tig00022324 20642 0,0,54,0 0,0,56,0 0,0,10,0 0,0,16,0 0,0,6,0 0,0,14,0 0,0,20,4 0,0,10,4
tig00026666 87261 0,115,11,0 0,140,0,0 0,15,3,0 0,20,0,0 0,20,0,0 0,40,0,0 0,40,0,0 0,20,0,0
tig00068951 2627 0,0,118,0 0,0,134,0 1,0,17,0 0,0,18,0 0,0,20,0 0,0,36,0 0,0,38,0 0,0,18,0
tig00251969 21946 0,0,0,72 0,0,0,74 0,3,0,15 0,0,0,14 0,0,0,20 0,0,0,40 0,0,0,26 0,0,0,14
tig00248971 18466 122,0,0,0 134,0,0,0 20,0,0,0 17,0,0,1 18,0,0,0 38,0,0,0 38,0,0,0 20,0,0,0
tig00027642 20966 106,0,0,0 116,0,0,0 20,0,0,0 19,0,0,1 18,0,0,0 36,0,0,0 38,0,0,0 20,0,0,0
tig00030049 23618 88,0,34,0 101,0,35,0 12,0,6,0 10,0,6,0 9,0,7,0 21,0,13,0 27,0,9,0 13,0,5,0
tig00058127 5407 0,0,0,70 0,0,0,80 0,0,0,8 0,0,0,14 0,0,0,16 0,0,0,28 1,0,0,27 0,0,0,12
tig00010599 70583 0,0,110,0 0,0,108,0 0,0,14,0 0,0,12,0 0,0,16,2 0,0,23,5 0,0,36,0 0,0,17,1
tig00252290 13551 0,0,112,0 0,0,116,0 0,2,14,0 0,0,20,0 0,0,20,0 0,0,36,0 0,0,40,0 0,0,20,0
tig00253339 7033 95,0,19,0 111,0,21,0 20,0,0,0 16,0,4,0 14,0,2,0 36,0,0,0 38,0,0,0 18,0,2,0
tig00249017 51772 0,122,0,0 0,138,0,0 0,14,0,0 0,18,0,0 0,20,0,0 0,38,0,0 0,38,0,0 0,17,1,0
tig00011653 125980 0,0,0,126 0,0,0,140 0,1,0,19 0,0,0,20 0,0,0,20 0,0,0,40 0,0,0,38 0,0,0,20
tig00035838 11729 0,0,124,0 0,0,140,0 0,1,19,0 0,0,20,0 0,0,16,0 0,0,40,0 0,0,38,0 0,0,20,0
tig00095672 26852 0,124,0,0 0,136,0,0 0,17,1,0 0,20,0,0 0,16,0,0 0,38,0,0 0,38,0,0 0,20,0,0
tig00004446 8866 0,0,82,0 0,0,102,0 0,0,16,0 0,0,16,0 1,0,17,0 0,0,34,0 0,0,32,0 0,0,14,0
tig00246621 8628 0,56,0,0 0,80,0,0 0,15,0,1 0,12,0,0 0,12,0,0 0,24,0,0 0,30,0,0 0,14,0,0
tig00257746 11451 0,0,88,0 5,0,71,0 0,0,18,0 0,0,10,0 0,0,14,0 1,0,21,0 0,0,40,0 0,0,18,0
tig00261568 3714 0,15,0,109 0,16,0,120 0,0,0,18 0,6,0,14 0,0,0,20 0,0,0,40 0,0,0,40 0,0,0,20
tig01928947 126061 122,0,0,0 136,0,0,0 19,0,0,1 20,0,0,0 20,0,0,0 38,0,0,0 38,0,0,0 20,0,0,0
tig00012888 89827 0,86,0,8 0,132,0,0 0,18,0,0 0,16,0,0 0,18,0,0 0,32,0,0 0,34,0,0 0,16,0,0
tig00014053 10738 0,0,0,38 0,0,0,38 0,0,0,12 0,0,0,16 0,0,0,16 2,0,0,12 0,0,0,16 0,0,0,8
tig00073805 15593 0,0,0,124 0,0,0,140 0,1,0,19 0,0,0,20 0,0,0,20 0,0,0,40 0,0,0,40 0,0,0,20
tig00115844 5330 124,0,0,0 130,0,0,0 18,0,0,2 20,0,0,0 20,0,0,0 40,0,0,0 38,0,0,0 18,0,0,0
tig00032664 10073 18,0,0,94 29,0,0,97 3,0,0,17 5,0,0,15 1,0,0,17 4,0,0,36 4,0,0,34 1,0,0,19
tig00089185 10348 0,0,118,0 0,0,120,8 0,0,20,0 0,0,20,0 0,0,18,0 0,0,40,0 0,0,38,0 0,0,20,0
tig00073646 15647 0,0,0,122 0,0,0,136 0,0,0,18 0,0,0,18 0,0,0,20 4,0,0,36 0,0,0,40 0,0,0,20
tig00025136 27969 0,0,0,124 0,0,0,132 0,0,0,16 0,0,0,20 1,0,0,19 0,0,0,40 0,0,0,38 0,0,0,20
tig00029416 19702 0,33,93,0 0,35,104,0 0,1,19,0 0,7,13,0 0,3,15,0 0,0,38,0 0,8,32,0 0,4,16,0
tig00257756 34334 0,107,0,17 0,114,0,20 0,8,0,10 0,20,0,0 0,1,0,19 0,16,0,24 0,5,0,35 0,1,0,19
tig00005573 48478 0,0,126,0 0,0,138,0 0,0,20,0 0,0,18,2 0,0,20,0 0,0,40,0 0,0,40,0 0,0,20,0
tig00024214 78526 114,0,0,0 134,0,0,0 18,0,0,0 18,0,0,0 20,0,0,0 36,0,0,0 22,0,0,16 18,0,0,0
tig00254583 19576 15,0,111,0 32,0,106,0 15,0,5,0 1,0,17,0 19,0,1,0 22,0,14,0 3,0,35,0 2,0,18,0
tig00255993 5082 52,0,18,0 38,0,22,0 11,0,5,0 0,0,10,0 15,0,5,0 0,0,34,0 0,0,28,0 0,0,18,0
tig00052346 17566 116,0,0,0 124,0,0,0 19,0,0,1 18,0,0,0 18,0,0,0 38,0,0,0 40,0,0,0 18,0,0,0
tig00259931 6690 109,15,0,0 107,11,0,0 18,0,0,0 16,4,0,0 19,1,0,0 40,0,0,0 38,2,0,0 12,8,0,0
tig00021469 58387 0,124,0,0 0,134,0,0 0,17,0,1 0,20,0,0 0,20,0,0 0,38,0,0 0,40,0,0 0,20,0,0
tig00023718 31255 124,0,0,0 128,0,0,0 19,1,0,0 18,0,0,0 20,0,0,0 38,0,0,0 38,0,0,0 18,0,0,0
tig00054033 22813 0,0,116,0 0,0,134,0 0,0,18,2 0,0,18,0 0,0,20,0 0,0,40,0 0,0,40,0 0,0,20,0
tig00014300 33353 0,0,0,110 0,0,0,108 1,0,0,19 0,0,0,20 0,0,0,14 0,0,0,32 0,0,0,30 0,0,0,18
tig00079401 28044 0,0,8,96 0,0,16,110 0,0,0,12 0,0,4,14 0,0,7,9 0,0,5,23 0,0,4,26 0,0,0,16
tig00024841 49146 0,0,124,0 0,0,138,0 0,0,18,0 0,1,19,0 0,0,20,0 0,0,40,0 0,0,38,0 0,0,20,0
tig00035731 19152 0,0,0,116 0,0,0,134 0,0,1,19 0,0,0,20 0,0,0,20 0,0,0,40 0,0,0,38 0,0,0,18
tig01932252 6337 0,124,0,0 0,140,0,0 0,20,0,0 0,17,0,1 0,20,0,0 0,38,0,0 0,40,0,0 0,20,0,0
tig00249211 13191 0,126,0,0 0,140,0,0 0,19,1,0 0,20,0,0 0,20,0,0 0,40,0,0 0,40,0,0 0,20,0,0
tig00099593 8900 0,0,0,86 0,0,0,94 0,0,0,14 0,0,0,16 0,0,1,17 0,0,0,32 0,0,0,14 0,0,0,10
tig00002955 140983 0,0,104,0 0,0,130,0 0,0,18,0 0,0,20,0 0,0,18,0 0,0,36,0 0,0,34,0 0,0,19,1
tig00032769 5290 34,0,0,0 46,0,0,0 12,0,0,0 8,0,0,0 12,0,2,0 16,0,0,0 24,0,0,0 10,0,0,0
tig00080712 21169 0,114,0,0 0,132,0,0 2,18,0,0 0,18,0,0 0,18,0,0 0,38,0,0 0,40,0,0 0,20,0,0
tig00025492 6839 118,0,0,0 130,0,0,0 20,0,0,0 15,0,0,1 20,0,0,0 38,0,0,0 38,0,0,0 18,0,0,0
tig00064488 8520 0,124,0,0 0,138,0,0 1,19,0,0 0,20,0,0 0,20,0,0 0,40,0,0 0,40,0,0 0,20,0,0
tig00103984 11224 0,0,110,0 0,0,124,0 1,0,17,0 0,0,18,0 0,0,18,0 0,0,38,0 0,0,40,0 0,0,20,0
tig01938351 22430 10,106,0,0 7,127,0,0 9,11,0,0 0,20,0,0 1,17,0,0 0,40,0,0 4,36,0,0 2,18,0,0
tig00246479 44754 0,0,0,112 0,0,0,128 1,0,0,17 0,0,0,16 0,0,0,16 0,0,0,40 0,0,0,38 0,0,0,20
tig00040077 64073 0,0,0,62 0,0,3,51 0,0,0,18 0,0,1,11 0,0,0,14 0,0,0,22 0,0,0,22 0,0,2,16
tig00053414 14301 0,0,0,120 0,0,0,130 0,0,0,18 0,0,0,20 0,0,0,20 0,0,0,40 0,0,0,40 1,0,0,19
tig00246762 126190 0,124,0,0 0,129,0,7 0,16,0,2 0,20,0,0 0,17,0,1 0,34,0,6 0,40,0,0 0,18,0,0
tig00012840 17647 116,0,0,0 132,0,0,0 18,0,0,2 18,0,0,0 20,0,0,0 38,0,0,0 40,0,0,0 20,0,0,0
tig00076826 10667 0,0,106,0 0,0,116,0 1,0,13,0 0,0,16,0 0,0,16,0 0,0,40,0 0,0,36,0 0,0,16,0
tig00021797 89872 0,0,0,106 0,0,0,106 0,0,0,16 1,0,0,13 0,0,0,18 0,0,0,36 0,0,0,40 0,0,0,20
tig00088235 5528 124,0,0,0 132,0,0,0 14,0,0,2 16,0,0,0 20,0,0,0 40,0,0,0 36,0,0,0 16,0,0,0
tig00002811 46152 0,0,0,120 0,0,0,136 0,1,0,17 0,0,0,18 0,0,0,20 0,0,0,38 0,0,0,34 0,0,0,20
tig00007500 107882 126,0,0,0 140,0,0,0 19,0,1,0 20,0,0,0 20,0,0,0 38,0,0,0 37,0,3,0 16,0,4,0
tig00047269 9980 0,0,54,0 0,0,64,0 0,0,14,0 0,0,10,0 0,0,14,0 0,0,24,0 10,0,18,0 3,0,9,0
tig00076083 14308 54,0,0,0 58,0,0,0 10,0,0,0 16,0,0,0 10,0,0,0 30,0,0,0 28,0,0,0 11,0,0,1
tig00030983 23113 0,0,82,0 0,0,70,0 0,0,20,0 0,0,16,0 0,0,10,0 0,0,32,0 0,2,29,0 0,0,14,0
tig00246514 22746 0,0,0,114 0,0,0,132 0,0,1,19 0,0,0,20 0,0,0,18 0,0,0,40 0,0,0,38 0,0,0,20
tig00040791 26641 0,100,0,0 0,108,0,0 0,18,0,0 0,20,0,0 0,18,0,0 0,36,0,0 0,34,0,0 0,19,0,1
tig00067157 17680 0,54,0,0 0,64,0,0 0,12,0,0 0,14,0,0 0,16,0,0 0,20,2,0 0,24,0,0 0,8,0,0
tig00258084 3235 0,0,0,108 0,0,0,130 0,0,1,17 0,0,0,20 0,0,0,18 0,0,0,38 0,0,0,38 0,0,0,20
tig01929922 10093 0,0,72,0 0,0,102,0 0,0,14,0 0,1,17,0 0,0,16,0 0,0,34,0 0,0,38,0 0,0,20,0
tig00017840 15402 0,0,114,0 0,0,132,0 0,0,19,1 0,0,20,0 0,0,20,0 0,0,40,0 0,0,40,0 0,0,20,0
tig00253958 9059 0,0,0,94 0,0,0,124 0,0,0,14 1,0,0,15 0,0,0,18 0,0,0,28 0,0,0,28 0,0,0,16
tig00248534 71627 0,0,120,0 0,0,136,0 0,1,19,0 0,0,20,0 0,1,19,0 0,0,40,0 0,0,40,0 0,0,20,0
tig00007018 100748 0,0,112,0 0,0,128,0 0,0,18,0 3,0,17,0 2,0,18,0 0,0,36,0 0,0,40,0 4,0,16,0
tig00049293 27256 0,0,78,10 0,0,102,6 0,0,15,1 0,0,14,0 0,0,16,0 0,0,34,0 0,0,36,0 0,0,18,0
tig00003991 71631 9,0,115,0 20,0,120,0 1,0,19,0 0,0,20,0 1,0,19,0 13,0,27,0 0,0,36,0 0,0,20,0
tig00052169 27760 0,0,0,112 0,0,0,132 2,0,0,18 0,0,0,20 0,0,0,20 0,0,0,40 0,0,0,38 0,0,0,20
tig01929235 69099 0,124,0,0 0,138,0,0 0,18,0,0 0,19,1,0 0,20,0,0 0,40,0,0 0,40,0,0 0,20,0,0
tig00056342 22184 120,0,0,0 140,0,0,0 20,0,0,0 18,0,0,0 19,1,0,0 40,0,0,0 38,0,0,0 20,0,0,0
tig00080536 2353 0,0,0,120 0,0,0,132 0,0,0,20 0,0,1,19 0,0,0,20 0,0,0,40 0,0,0,40 0,0,0,18
tig00010421 48984 0,0,0,114 0,0,0,128 0,0,0,20 0,0,0,20 0,0,0,16 0,0,0,38 0,0,0,40 1,0,0,19
tig00109490 7214 0,62,0,0 0,66,0,0 0,10,0,2 0,6,0,0 0,14,0,0 0,18,0,0 0,40,0,0 0,18,0,0
tig01932332 19611 0,0,0,114 0,0,0,136 0,0,0,16 0,0,0,20 0,0,0,20 0,0,0,38 0,0,0,38 0,1,0,19
tig00018677 35574 120,0,0,0 130,0,0,0 18,0,0,0 19,0,0,1 18,0,0,0 38,0,0,0 40,0,0,0 20,0,0,0
tig00100977 10373 108,0,0,0 116,0,0,0 18,0,0,0 20,0,0,0 20,0,0,0 38,0,0,0 36,0,0,0 19,0,0,1
tig00098289 13341 118,0,0,0 134,0,0,0 15,0,1,0 18,0,0,0 16,0,0,0 38,0,0,0 40,0,0,0 20,0,0,0
tig00249674 38245 0,0,120,0 0,0,132,0 0,0,18,0 0,0,20,0 10,0,10,0 18,0,22,0 31,0,5,0 17,0,3,0
tig00256371 7507 0,0,44,0 0,0,51,15 0,0,12,0 0,0,12,0 0,0,12,0 0,0,28,0 0,0,28,0 0,0,16,0
tig00047603 2712 0,0,0,78 0,0,0,78 0,0,0,18 0,1,0,13 0,0,0,10 0,0,0,24 0,0,0,40 0,0,0,14
tig00254430 4596 0,0,0,48 0,0,0,56 0,0,0,14 0,0,0,8 0,0,0,14 2,0,0,29 0,0,0,18 0,0,0,14
tig00259851 4189 0,2,0,18 0,0,0,18 0,0,0,8 0,0,0,8 0,0,0,6 0,0,0,16 0,0,0,10 0,0,0,6
tig01931002 6946 0,0,0,54 0,0,0,56 0,0,0,14 2,0,0,10 0,0,0,16 0,0,0,24 0,0,0,24 0,0,0,10
tig01938543 134848 102,0,0,0 114,0,0,0 16,0,0,0 20,0,0,0 17,0,0,1 34,0,0,0 34,0,0,0 18,0,0,0
tig01940053 4869 0,0,74,0 0,0,76,0 0,0,17,1 0,0,16,0 0,0,18,0 0,0,21,9 0,0,36,0 0,0,18,0
tig00121840 15768 0,0,0,120 8,0,0,112 3,0,0,15 0,0,0,16 1,0,0,19 3,0,0,33 4,0,0,34 1,0,0,19
tig00045646 19953 0,50,0,0 0,72,0,0 0,11,0,1 0,10,0,0 0,14,0,0 0,26,0,0 0,22,0,0 0,16,0,0
tig00246381 41875 0,0,116,0 0,0,120,0 0,0,20,0 0,3,17,0 0,0,18,0 0,0,40,0 0,0,38,0 0,0,18,0
tig00259850 23011 0,38,0,0 0,46,0,0 0,8,0,0 0,14,0,0 0,8,2,0 0,34,0,0 0,22,0,0 0,16,0,0
tig00079144 24586 120,0,0,0 130,0,0,0 20,0,0,0 18,0,0,0 19,0,0,1 38,0,0,0 40,0,0,0 18,0,0,0
tig00039653 8578 0,122,0,0 0,136,0,0 0,20,0,0 0,20,0,0 0,20,0,0 0,40,0,0 22,18,0,0 7,13,0,0
tig00260265 50036 0,69,0,55 0,74,0,66 0,13,0,7 0,10,0,10 0,12,0,8 0,20,0,20 0,20,0,20 0,10,0,10
tig00090654 11387 0,96,0,12 0,114,0,10 0,16,0,0 0,11,0,3 0,14,0,2 0,36,0,0 0,35,0,3 0,15,0,1
tig01935708 9597 0,0,0,58 0,0,0,84 0,3,0,7 0,0,0,16 0,0,0,6 0,0,0,28 0,0,0,28 0,0,0,10
tig00250569 14239 126,0,0,0 138,0,0,0 20,0,0,0 20,0,0,0 20,0,0,0 38,0,0,0 38,0,0,0 19,0,1,0
