COUNTSFILE NPOP 8 NSITES 536
CHROM POS Agrav Grav D01 H01 D03 H02 D04 H05
tig00055595 20025 0,0,0,32 0,0,0,40 2,0,0,10 0,0,0,10 0,0,0,12 0,0,0,22 0,0,0,14 0,0,0,14
tig00067451 17503 0,0,0,126 0,0,0,134 0,0,0,20 0,0,0,20 0,0,0,20 0,0,0,40 0,0,0,40 1,0,0,19
tig00038258 22383 0,0,112,0 0,0,118,0 1,0,17,0 0,0,16,0 0,0,18,0 0,0,36,0 0,0,36,0 0,0,16,0
tig00256657 32413 0,0,0,94 0,0,0,102 1,0,0,15 0,0,0,16 0,0,0,12 0,0,0,28 0,0,0,34 0,0,0,18
tig01928645 31994 114,0,0,0 138,0,0,0 17,0,0,1 18,0,0,0 8,0,0,10 30,0,0,8 40,0,0,0 20,0,0,0
tig00054243 8007 0,124,0,0 0,130,0,0 0,20,0,0 0,18,0,0 1,17,0,0 0,40,0,0 0,38,0,0 0,20,0,0
tig00085389 1427 110,0,0,0 130,0,0,0 20,0,0,0 18,0,0,0 20,0,0,0 40,0,0,0 40,0,0,0 19,0,0,1
tig01938284 14104 0,0,54,0 0,0,76,0 0,0,14,0 0,0,14,0 4,0,6,0 0,0,22,0 0,0,20,0 0,0,12,0
tig00004051 24651 5,81,0,0 6,86,0,0 1,11,0,0 5,13,0,0 5,14,0,0 0,34,0,0 9,27,0,0 1,13,0,0
tig00247449 104452 0,0,0,126 0,0,0,140 0,2,0,18 0,0,0,20 0,0,0,20 0,0,0,40 0,0,0,40 0,0,0,20
tig00246355 28648 112,0,0,0 122,0,0,0 16,0,0,0 19,1,0,0 8,0,0,0 28,0,0,0 18,0,0,0 12,0,0,0
tig00039203 32515 0,110,0,0 0,120,0,0 0,16,0,0 0,18,0,0 0,20,0,0 0,38,0,0 0,40,0,0 0,19,1,0
tig00076716 16487 0,0,84,0 0,0,108,0 0,0,16,0 0,0,18,0 0,0,17,3 0,0,32,0 0,0,30,10 0,0,15,3
tig01938718 69780 0,0,126,0 0,0,138,0 0,0,20,0 0,0,17,1 0,0,20,0 0,0,40,0 0,0,40,0 0,0,20,0
tig00002501 180805 122,0,0,0 138,0,0,0 18,0,0,0 20,0,0,0 17,0,0,1 38,0,0,0 40,0,0,0 20,0,0,0
tig00043574 18664 118,0,0,0 128,0,0,0 20,0,0,0 20,0,0,0 20,0,0,0 38,0,0,0 34,0,0,0 19,0,1,0
tig00047013 33617 0,122,0,0 0,130,0,0 1,19,0,0 0,20,0,0 0,20,0,0 0,40,0,0 0,38,0,0 0,20,0,0
tig00009506 53223 0,0,116,0 0,0,136,0 0,0,20,0 0,0,15,3 0,0,20,0 0,0,34,0 0,0,38,0 0,0,20,0
tig00031894 30012 124,0,0,0 134,0,0,0 16,0,0,0 20,0,0,0 19,0,0,1 38,0,0,0 40,0,0,0 20,0,0,0
tig00125552 23969 5,61,0,0 5,67,0,0 0,14,0,0 0,12,0,0 0,12,0,0 5,23,0,0 5,21,0,0 0,12,0,0
tig00253833 76616 5,0,79,0 5,0,79,0 0,0,8,0 0,0,20,0 0,0,12,0 0,0,18,0 0,0,22,0 0,0,12,0
tig00019342 58267 0,126,0,0 0,138,0,0 0,19,0,1 0,20,0,0 0,20,0,0 0,40,0,0 0,40,0,0 0,20,0,0
tig00256008 51113 0,0,122,0 0,0,138,0 0,0,20,0 0,0,18,0 0,1,17,0 0,0,40,0 0,0,40,0 0,0,20,0
tig00012245 10772 0,0,112,14 0,0,120,10 0,0,20,0 0,0,20,0 0,0,12,4 0,0,32,4 0,0,32,8 0,0,15,5
tig00056486 5464 10,0,110,0 12,0,122,0 0,0,20,0 7,0,11,0 0,0,18,0 0,0,40,0 0,0,40,0 0,0,18,0
tig00264537 15039 0,0,120,0 0,0,136,0 0,0,20,0 0,1,19,0 0,0,20,0 0,0,38,0 0,0,40,0 0,0,20,0
tig01933382 2932 0,0,91,35 0,0,109,31 0,0,19,1 0,0,17,3 0,0,20,0 0,0,40,0 0,0,40,0 0,0,20,0
tig00000793 196429 8,0,0,112 8,0,0,130 3,0,0,15 0,0,0,20 11,0,0,9 8,0,0,32 16,0,0,24 7,0,0,13
tig00013194 25344 0,0,86,0 0,0,102,0 0,0,18,0 0,0,20,0 0,0,18,0 0,0,34,0 16,0,22,0 0,0,20,0
tig00040446 8871 0,89,0,9 0,70,0,26 0,9,0,5 0,9,0,1 0,13,0,3 0,29,0,3 0,24,0,8 0,16,0,4
tig00070726 12668 5,0,83,0 0,0,66,0 0,0,8,0 0,0,14,0 2,0,14,0 0,0,38,0 0,0,36,0 0,0,16,0
tig00007746 9564 62,0,0,64 73,0,0,67 10,0,0,10 9,0,0,11 12,0,0,8 20,0,0,20 20,0,0,20 10,0,0,10
tig01928650 60393 0,124,0,0 0,122,0,0 0,18,0,0 0,20,0,0 0,19,0,1 0,40,0,0 0,38,0,0 0,20,0,0
tig00123196 1239 0,120,0,0 0,130,0,0 0,18,0,2 0,20,0,0 0,20,0,0 0,40,0,0 0,40,0,0 0,20,0,0
tig00032148 26640 40,0,26,0 52,0,50,0 15,0,3,0 7,0,13,0 7,0,11,0 18,0,18,0 20,0,10,0 12,0,8,0
tig00053361 19772 0,0,78,0 0,0,74,0 0,0,16,0 0,0,16,0 0,0,12,0 0,0,20,0 0,0,22,0 0,1,11,0
tig00081450 4812 0,122,0,0 0,128,0,0 0,18,0,0 0,18,0,0 0,17,1,0 0,40,0,0 0,40,0,0 0,18,0,0
tig01929854 17604 4,66,0,0 9,77,0,0 3,7,0,0 1,19,0,0 2,10,0,0 2,18,0,0 5,17,0,0 3,5,0,0
tig00139300 2931 0,0,0,122 0,0,0,138 0,0,0,18 0,0,0,18 0,0,0,20 0,0,0,40 0,0,0,40 1,0,0,19
tig00246756 33765 0,122,0,0 0,136,0,0 0,18,0,0 0,19,0,1 0,18,0,0 0,38,0,0 0,40,0,0 0,18,0,0
tig00050114 13246 0,0,0,108 0,0,0,102 0,0,0,18 0,0,0,18 0,0,2,18 0,0,0,38 0,0,0,40 0,0,0,20
tig00073213 47133 0,124,0,0 0,140,0,0 2,18,0,0 0,20,0,0 0,20,0,0 0,40,0,0 0,38,0,0 0,20,0,0
tig00254079 7335 0,124,0,0 0,138,0,0 0,18,0,0 2,18,0,0 0,16,0,0 0,38,0,0 0,36,0,0 0,16,0,0
tig00028821 16481 0,120,0,0 0,122,0,0 1,17,0,0 0,20,0,0 1,17,0,0 0,38,0,0 0,36,0,0 0,18,0,0
tig00047128 22808 0,69,15,0 0,79,15,0 0,14,0,0 0,10,0,0 0,19,1,0 0,38,0,0 0,28,0,0 0,14,0,0
tig00025200 17529 0,120,0,0 0,128,0,0 0,20,0,0 0,20,0,0 1,15,0,0 0,34,0,0 0,40,0,0 1,17,0,0
tig00111036 3937 0,0,120,0 0,0,136,0 0,0,18,0 0,0,20,0 0,1,17,0 0,0,38,0 0,0,38,0 0,0,20,0
tig00251159 42190 124,0,0,0 134,0,0,0 20,0,0,0 19,0,0,1 20,0,0,0 38,0,0,0 40,0,0,0 20,0,0,0
tig01929675 59476 0,0,124,0 0,0,136,0 0,0,18,0 0,0,20,0 0,1,19,0 0,0,38,0 0,0,40,0 0,0,20,0
tig00075696 26720 0,0,48,0 0,0,72,0 0,0,10,0 0,0,8,0 0,0,10,0 0,0,16,0 2,0,18,0 0,0,10,0
tig00011653 22000 36,0,0,0 32,0,0,0 6,0,0,0 14,0,0,2 10,0,0,0 8,0,0,0 26,0,0,0 16,0,0,0
tig00042038 5739 0,0,102,8 0,0,112,10 0,0,20,0 0,0,18,0 0,0,14,4 0,0,32,6 0,0,35,3 0,0,19,1
tig00010504 37817 77,0,33,0 71,0,45,0 11,0,5,0 10,0,6,0 16,0,2,0 21,0,7,0 26,0,6,0 15,0,3,0
tig00037502 9420 0,0,0,118 0,0,0,132 1,0,0,17 0,0,0,18 0,0,0,20 0,0,0,38 0,0,0,40 0,0,0,20
tig00249980 70318 0,0,116,0 0,0,134,0 0,0,18,0 0,0,13,7 0,0,18,0 0,0,40,0 0,0,40,0 0,0,18,0
tig00250846 19760 0,0,126,0 0,0,138,0 0,0,20,0 0,0,20,0 0,0,20,0 0,0,40,0 2,0,38,0 0,0,20,0
tig01929303 11612 0,0,60,0 0,0,78,0 0,0,18,0 0,0,14,0 0,0,12,0 0,0,28,0 11,0,19,0 1,0,9,0
tig00067666 32125 0,0,0,112 0,0,0,126 0,0,0,18 1,0,0,19 0,0,0,20 0,0,0,40 2,0,0,38 0,0,0,20
tig00060475 21748 0,112,0,0 0,128,0,0 0,19,1,0 0,18,0,0 0,20,0,0 0,34,0,0 0,38,0,0 0,20,0,0
tig00103766 7211 0,126,0,0 0,134,0,0 0,18,0,2 0,18,0,0 0,20,0,0 0,40,0,0 0,40,0,0 0,18,0,0
tig00036741 26468 116,0,0,0 136,0,0,0 19,0,0,1 18,0,0,0 20,0,0,0 40,0,0,0 38,0,0,0 20,0,0,0
tig00039403 19378 0,122,0,0 0,138,0,0 0,18,0,0 0,18,0,0 0,19,1,0 0,40,0,0 0,38,0,0 0,18,0,0
tig00090657 23272 116,0,0,0 128,0,0,0 16,0,0,2 20,0,0,0 19,0,0,1 40,0,0,0 38,0,0,0 20,0,0,0
tig00003582 111252 0,0,0,116 0,0,0,136 1,0,0,19 0,0,0,20 0,0,0,20 0,0,0,40 0,0,0,40 0,0,0,18
tig00041875 7345 118,0,0,0 130,0,0,0 18,0,2,0 18,0,0,0 20,0,0,0 40,0,0,0 38,0,0,0 20,0,0,0
tig01928627 291763 0,0,122,0 0,0,138,0 0,0,20,0 0,0,20,0 0,0,20,0 0,0,38,0 0,7,33,0 0,0,20,0
tig00032576 12523 114,0,0,0 126,0,0,0 18,0,0,0 17,0,0,1 20,0,0,0 38,0,0,0 38,0,0,0 18,0,0,0
tig00082547 3001 0,0,116,0 0,0,132,0 0,0,18,0 0,0,18,0 0,1,15,0 0,0,40,0 0,0,40,0 0,0,20,0
tig00249380 17771 0,0,122,0 0,0,136,0 0,0,20,0 0,1,19,0 0,0,20,0 0,0,40,0 0,0,40,0 0,0,18,0
tig00085151 14055 0,0,0,116 0,0,0,136 0,0,0,18 0,0,0,20 0,0,0,20 0,0,0,40 0,5,0,35 0,5,0,15
tig00251154 21409 98,0,0,0 114,0,0,0 17,0,0,1 20,0,0,0 12,0,0,0 38,0,0,0 32,0,0,0 18,0,0,0
tig00008761 5859 0,0,126,0 0,0,136,0 0,0,19,1 0,0,20,0 0,0,18,0 0,0,38,0 0,0,38,0 0,0,20,0
tig00062681 23974 28,0,92,0 31,0,97,0 3,0,17,0 2,0,18,0 9,0,9,0 5,0,33,0 13,0,25,0 5,0,13,0
tig00056324 54263 0,0,0,66 0,0,0,76 0,2,0,14 0,0,0,8 0,0,0,12 0,0,0,20 0,0,0,30 0,0,0,14
tig01933434 1618 31,0,15,0 24,0,16,0 12,0,2,0 6,0,0,0 12,0,2,0 12,0,4,0 17,0,1,0 8,0,0,0
tig01933433 1718 0,0,0,24 0,0,0,30 0,0,0,8 0,0,0,8 0,0,0,12 0,0,0,18 0,2,0,16 0,2,0,10
tig01939139 28243 0,57,0,67 0,60,0,80 0,9,0,11 0,10,0,8 0,11,0,9 0,18,0,22 0,20,0,18 0,8,0,12
tig00029139 36602 0,71,0,51 0,76,0,58 0,13,0,7 0,12,0,8 0,12,0,6 0,18,0,22 0,24,0,16 0,11,0,9
tig00037664 12178 82,0,0,0 72,0,0,0 14,0,2,0 16,0,0,0 16,0,0,0 26,0,0,0 30,0,0,0 16,0,0,0
tig00017814 46231 126,0,0,0 132,0,0,0 20,0,0,0 17,0,0,1 18,0,0,0 40,0,0,0 40,0,0,0 20,0,0,0
tig00249433 48027 13,107,0,0 18,122,0,0 0,16,0,0 1,17,0,0 3,17,0,0 6,28,0,0 10,29,0,0 4,14,0,0
tig00111085 1844 64,0,60,0 66,0,74,0 11,0,9,0 9,0,11,0 10,0,10,0 20,0,20,0 20,0,20,0 9,0,11,0
tig00005703 62291 0,114,0,0 0,134,0,0 1,19,0,0 1,15,0,0 1,19,0,0 0,40,0,0 0,38,0,0 0,20,0,0
tig00105695 3657 118,0,0,0 134,0,0,0 20,0,0,0 18,0,0,2 20,0,0,0 38,0,0,0 40,0,0,0 18,0,0,0
tig00070045 21202 16,0,84,0 26,0,86,0 6,0,12,0 1,0,15,0 5,0,15,0 10,0,28,0 11,0,21,0 7,0,7,0
tig00001776 68287 0,0,0,120 0,0,0,136 0,0,0,20 0,0,0,20 0,1,0,19 0,0,0,40 0,0,0,40 0,0,0,20
tig00088852 7721 118,0,0,0 128,0,0,0 17,0,1,0 16,0,0,0 20,0,0,0 40,0,0,0 40,0,0,0 20,0,0,0
tig00262471 5199 0,0,0,104 0,0,0,138 0,0,0,20 0,0,0,20 0,0,1,17 0,0,0,40 0,0,0,40 0,0,0,20
tig00249164 92001 104,0,0,0 108,0,0,0 19,0,0,1 12,0,0,0 16,0,0,0 24,0,0,0 26,0,0,0 10,0,0,0
tig00020632 8474 112,0,0,0 111,0,0,11 18,0,0,2 16,0,0,0 18,0,0,2 38,0,0,2 34,0,0,0 16,0,0,2
tig00247671 79595 108,0,0,16 123,0,0,17 12,0,0,6 20,0,0,0 11,0,0,9 30,0,0,10 35,0,0,5 20,0,0,0
tig00013517 13500 0,116,0,0 0,136,0,0 0,20,0,0 0,20,0,0 0,18,0,0 0,38,0,0 3,35,0,0 1,19,0,0
tig00096673 10337 0,0,0,88 0,0,0,112 0,0,0,10 0,0,0,18 0,0,0,14 0,0,0,28 0,0,0,38 0,1,0,15
tig00009195 28639 0,112,0,0 0,136,0,0 0,13,0,1 0,16,0,0 0,18,0,0 0,34,0,0 0,32,0,0 0,20,0,0
tig00027384 20892 0,21,0,63 0,23,0,65 0,4,0,12 0,0,0,18 0,2,0,14 0,0,0,26 0,0,0,34 0,0,0,16
tig00066275 10097 91,0,0,9 126,0,0,0 18,0,0,0 16,0,0,0 20,0,0,0 36,0,0,0 38,0,0,0 19,0,0,1
tig00090013 14713 62,0,0,0 68,0,0,0 10,2,0,0 12,0,0,0 8,0,0,0 20,0,0,0 14,0,0,0 10,0,0,0
tig00095047 16524 0,0,74,16 0,0,62,26 0,0,4,2 0,0,8,0 0,0,6,0 0,0,18,4 0,0,21,5 0,0,4,2
tig00013570 13996 70,0,0,0 86,0,0,0 14,0,0,0 12,0,0,0 18,0,0,0 34,0,0,0 34,0,0,0 19,0,1,0
tig00017035 33367 0,0,0,120 0,0,0,132 1,0,0,19 0,0,0,20 0,0,0,20 0,0,0,40 0,0,0,38 0,0,0,20
tig00036808 9310 0,0,0,126 0,0,0,138 0,0,0,18 1,0,0,19 0,0,0,20 0,0,0,38 0,0,0,38 0,0,0,18
tig00120915 11713 34,0,0,0 54,0,0,0 12,0,0,2 10,0,0,0 12,0,0,0 18,0,0,0 22,0,0,0 8,0,0,0
tig00249218 26870 0,66,0,4 0,67,0,13 0,10,0,0 0,12,0,0 0,16,0,0 0,28,0,0 0,24,0,2 0,10,0,0
tig00015901 69987 0,0,70,0 0,0,72,0 0,0,10,0 0,0,10,0 0,0,8,0 0,3,15,0 0,0,26,0 0,0,10,0
tig00035118 5775 0,0,0,112 0,0,0,112 0,0,0,18 0,0,0,20 0,0,0,16 0,0,0,28 14,0,0,22 0,0,0,16
tig00046082 29609 114,0,0,0 128,0,0,0 16,0,0,2 18,0,0,0 20,0,0,0 34,0,0,0 40,0,0,0 20,0,0,0
tig00048884 22139 0,0,126,0 0,0,136,0 2,0,18,0 0,0,20,0 0,0,16,0 0,0,40,0 0,0,38,0 0,0,20,0
tig00010159 77916 33,0,0,49 52,0,0,52 9,0,0,5 9,0,0,9 12,0,0,8 16,0,0,16 19,0,0,11 10,0,0,10
tig00034646 8856 0,67,0,59 0,71,0,69 0,11,0,9 0,10,0,10 0,11,0,9 0,21,0,19 0,20,0,20 0,10,0,10
tig00012297 78016 0,97,29,0 0,106,34,0 0,17,3,0 0,16,4,0 0,20,0,0 0,40,0,0 0,40,0,0 0,20,0,0
tig00065412 29984 0,100,0,18 0,119,0,19 0,18,0,2 0,15,0,3 0,15,0,5 0,30,0,10 0,32,0,8 0,14,0,4
tig00017503 33748 118,0,0,0 130,0,0,0 19,0,0,1 18,0,0,0 18,0,0,0 40,0,0,0 34,0,0,0 20,0,0,0
tig00047073 26718 124,0,0,0 138,0,0,0 20,0,0,0 18,0,0,0 20,0,0,0 40,0,0,0 37,0,0,3 20,0,0,0
tig00066740 7909 122,0,0,0 120,0,0,0 20,0,0,0 18,0,0,0 19,1,0,0 38,0,0,0 40,0,0,0 18,0,0,0
tig00060234 11642 0,0,0,122 0,0,0,138 0,0,0,18 0,0,0,20 0,1,0,19 0,0,0,40 0,0,0,38 0,0,0,20
tig00099384 8242 0,0,120,0 8,0,124,0 5,0,15,0 0,0,20,0 1,0,19,0 6,0,32,0 0,0,38,0 0,0,18,0
tig00002231 79923 26,0,94,0 31,0,103,0 2,0,18,0 7,0,13,0 0,0,20,0 0,0,40,0 0,0,40,0 3,0,17,0
tig00003316 130921 61,0,0,63 69,0,0,71 11,0,0,9 10,0,0,10 9,0,0,11 20,0,0,20 20,0,0,20 10,0,0,10
tig00245365 11312 0,124,0,0 0,134,0,0 0,19,1,0 0,20,0,0 0,20,0,0 0,40,0,0 0,40,0,0 0,20,0,0
tig00245373 211565 114,0,0,0 128,0,0,0 14,0,5,0 16,0,4,0 14,0,6,0 17,0,23,0 20,0,20,0 9,0,11,0
tig01930277 22505 0,0,0,78 0,0,0,100 1,0,0,17 0,0,0,6 0,0,0,6 0,0,0,18 0,0,0,38 0,0,0,16
tig00248999 23233 0,0,0,112 0,0,0,132 1,0,0,17 0,0,0,20 0,0,0,20 0,0,0,38 0,0,0,34 0,0,0,20
tig00003524 21108 0,61,0,13 0,75,0,11 0,11,0,3 0,8,0,0 0,13,0,3 0,28,0,6 0,31,0,5 0,15,0,5
tig00075109 4338 0,0,0,72 0,0,0,80 0,0,0,12 0,0,0,20 0,0,0,10 0,0,0,30 0,0,0,26 0,1,0,15
tig00025624 35611 97,0,0,5 122,0,0,0 20,0,0,0 20,0,0,0 20,0,0,0 40,0,0,0 40,0,0,0 20,0,0,0
tig00246486 135853 0,0,112,0 0,0,112,0 0,0,20,0 0,0,18,0 0,0,20,0 0,0,38,0 0,0,38,0 1,0,19,0
tig00249925 4130 0,0,0,84 0,0,0,70 0,0,0,14 0,0,1,13 0,0,0,6 0,0,0,24 0,0,0,28 0,0,0,14
tig00008757 23579 0,122,0,0 0,138,0,0 2,16,0,0 0,20,0,0 0,20,0,0 0,40,0,0 0,40,0,0 0,20,0,0
tig00046489 17097 0,112,0,0 0,126,0,0 0,18,0,0 1,17,0,0 0,18,0,0 0,38,0,0 0,40,0,0 0,16,0,0
tig00247952 63838 116,0,0,0 132,0,0,0 16,0,0,4 20,0,0,0 20,0,0,0 38,0,0,0 38,0,0,0 20,0,0,0
tig00248484 100788 0,0,124,0 0,0,140,0 0,0,20,0 0,0,20,0 1,0,19,0 0,0,40,0 0,0,40,0 0,0,20,0
tig00031607 11210 122,0,0,0 136,0,0,0 20,0,0,0 20,0,0,0 20,0,0,0 28,0,12,0 40,0,0,0 20,0,0,0
tig01931902 18291 0,114,0,0 0,134,0,0 0,17,0,1 0,20,0,0 0,20,0,0 0,34,0,0 0,40,0,0 0,20,0,0
tig00148133 8159 0,0,102,18 0,0,98,38 0,0,17,3 0,0,14,4 0,0,13,7 0,0,29,9 0,0,35,3 0,0,17,3
tig00061967 16933 0,0,0,116 0,0,0,132 0,0,0,18 1,0,0,19 0,0,0,20 0,0,0,40 0,0,0,40 1,0,0,19
tig00254103 24905 0,66,0,60 0,71,0,69 0,11,0,9 0,10,0,10 0,11,0,9 0,20,0,20 0,18,0,22 0,9,0,11
tig00050583 11193 0,100,0,24 0,114,0,20 0,17,0,1 0,20,0,0 0,20,0,0 0,38,0,0 0,38,0,0 0,18,0,0
tig00077080 8594 126,0,0,0 138,0,0,0 19,0,0,1 20,0,0,0 20,0,0,0 40,0,0,0 40,0,0,0 20,0,0,0
tig00058443 5958 0,0,0,126 0,0,0,136 1,0,0,17 0,0,0,20 0,0,0,20 0,0,0,40 0,0,0,40 0,0,0,20
tig00022850 1570 30,0,0,94 29,0,0,107 7,0,0,13 4,0,0,16 3,0,0,15 8,0,0,30 8,0,0,30 8,0,0,12
tig00100969 2922 0,0,0,62 0,0,0,82 0,1,0,5 0,0,0,12 0,0,0,12 0,0,0,30 0,0,0,18 0,0,0,6
tig00261663 12667 0,0,94,0 0,0,100,0 0,0,18,0 0,0,18,0 1,0,15,0 0,0,28,0 0,0,24,0 0,0,14,0
tig00000700 26745 0,0,126,0 0,0,140,0 0,0,20,0 0,1,19,0 0,0,20,0 0,0,40,0 0,0,40,0 0,0,20,0
tig01934478 5924 0,0,0,50 0,0,0,50 4,0,0,8 0,0,0,6 0,0,0,6 0,0,0,10 0,0,0,12 0,0,0,10
tig00068127 14285 120,0,0,0 136,0,0,0 18,0,0,0 20,0,0,0 18,0,0,0 38,0,0,0 38,0,0,0 17,0,0,1
tig01932760 10320 0,124,0,0 0,140,0,0 0,20,0,0 0,20,0,0 0,20,0,0 0,40,0,0 0,40,0,0 2,18,0,0
tig00013335 96807 0,0,126,0 0,0,134,0 0,0,17,1 0,0,20,0 0,0,20,0 0,0,38,0 0,0,40,0 0,0,20,0
tig00022180 62508 0,0,122,0 0,0,136,0 0,0,18,0 0,0,20,0 0,0,20,0 0,0,40,0 2,0,36,0 2,0,18,0
tig00050117 2023 0,0,0,114 0,0,0,130 0,1,0,17 0,0,0,18 0,0,0,16 0,0,0,38 0,0,0,38 0,0,0,18
tig00245715 181243 0,118,0,0 0,124,0,0 0,14,0,0 0,18,0,0 0,19,0,1 0,38,0,0 0,40,0,0 0,18,0,0
tig00053414 16841 7,67,0,0 0,84,0,0 4,4,0,0 0,10,0,0 2,10,0,0 0,20,0,0 4,28,0,0 6,6,0,0
tig01938351 20101 118,0,0,0 132,0,0,0 18,0,0,2 20,0,0,0 18,0,0,0 38,0,0,0 38,0,0,0 20,0,0,0
tig00255639 36002 0,0,114,0 0,0,122,0 0,0,14,0 0,0,18,0 0,0,20,0 0,0,36,0 13,0,27,0 0,0,14,0
tig00251991 3920 7,0,113,0 0,0,116,0 0,0,16,0 4,0,10,0 0,0,18,0 0,0,32,0 0,0,32,0 0,0,16,0
tig00014260 83128 15,103,0,0 12,122,0,0 0,18,0,0 1,19,0,0 2,18,0,0 0,40,0,0 0,36,0,0 0,20,0,0
tig00034175 47064 0,0,0,82 0,0,0,72 0,0,0,16 0,1,0,13 0,0,0,16 0,0,0,32 0,0,0,26 0,0,0,10
tig00070442 9976 106,0,0,0 122,0,0,0 14,0,0,0 12,0,0,0 14,0,0,0 26,0,0,0 26,0,0,6 18,0,0,0
tig00088031 18791 118,0,0,0 130,0,0,0 19,1,0,0 20,0,0,0 18,0,0,0 40,0,0,0 38,0,0,0 20,0,0,0
tig00031488 14837 124,0,0,0 136,0,0,0 18,0,0,0 15,0,1,0 20,0,0,0 40,0,0,0 40,0,0,0 18,0,0,0
tig00016743 58981 112,0,0,0 126,0,0,0 16,0,0,0 17,0,0,1 18,0,0,0 36,0,0,0 34,0,0,0 20,0,0,0
tig01931249 33117 0,116,0,0 0,130,0,0 0,18,0,0 0,18,0,0 0,16,0,0 0,38,0,0 0,38,0,0 0,15,0,1
tig01931247 17161 47,0,63,0 68,0,56,0 15,0,5,0 9,0,11,0 20,0,0,0 19,0,19,0 40,0,0,0 16,0,0,0
tig00015877 29632 0,0,0,118 0,0,0,124 0,0,0,20 6,0,0,14 0,0,0,20 0,0,0,40 0,0,0,40 0,0,0,20
tig00257654 58110 0,124,0,0 0,140,0,0 0,20,0,0 0,19,1,0 0,20,0,0 0,36,0,0 0,40,0,0 0,20,0,0
tig00030173 2036 120,0,0,0 122,0,0,0 17,0,0,1 18,0,0,0 18,0,0,0 38,0,0,0 40,0,0,0 20,0,0,0
tig00245924 10644 124,0,0,0 136,0,0,0 18,0,0,0 19,1,0,0 18,0,0,0 40,0,0,0 40,0,0,0 20,0,0,0
tig00033714 9565 0,0,0,126 0,0,0,138 0,0,0,20 0,0,0,20 0,0,0,20 0,2,0,38 0,0,0,40 0,0,0,20
tig00078902 22240 0,0,84,0 0,0,110,0 0,0,10,0 0,0,18,0 0,0,14,0 0,0,30,0 3,0,27,0 0,0,12,0
tig00026097 51274 0,0,82,0 0,0,64,0 0,0,12,0 0,0,16,0 1,0,13,0 0,0,32,0 0,0,30,0 0,0,8,0
tig00003819 21118 0,0,122,0 0,0,132,0 0,0,18,2 0,0,18,0 0,0,20,0 0,0,40,0 0,0,40,0 0,0,20,0
tig00014525 3510 8,0,36,0 3,0,39,0 2,0,6,0 0,0,10,0 2,0,10,0 2,0,8,0 0,0,18,0 0,0,6,0
tig01933532 7706 122,0,0,0 132,0,0,0 20,0,0,0 15,0,0,1 20,0,0,0 38,0,0,0 40,0,0,0 18,0,0,0
tig00073701 18600 0,124,0,0 0,138,0,0 0,20,0,0 0,20,0,0 0,20,0,0 4,36,0,0 0,36,0,0 0,20,0,0
tig00024217 4992 0,48,0,0 0,46,0,0 0,4,0,2 0,8,0,0 0,6,0,0 0,6,0,0 0,14,0,0 0,8,0,0
tig00249230 38552 0,0,122,0 0,0,130,0 0,1,19,0 0,0,18,0 0,0,20,0 0,0,40,0 0,0,36,0 0,0,18,0
tig00245829 93384 0,0,126,0 0,0,140,0 0,0,19,1 0,0,20,0 0,0,18,0 0,0,40,0 0,0,40,0 0,0,20,0
tig00025291 5757 0,124,0,0 0,130,0,0 0,20,0,0 0,17,1,0 0,20,0,0 0,40,0,0 0,40,0,0 0,20,0,0
tig00126986 3785 0,0,0,52 0,0,0,48 0,0,0,8 0,0,0,6 0,0,0,16 0,0,0,22 0,0,0,14 0,2,0,10
tig00054393 5687 0,0,56,0 0,0,50,0 2,0,10,0 0,0,6,0 0,0,8,0 0,0,16,0 0,0,24,0 0,0,12,0
tig00008806 15466 117,0,7,0 138,0,0,0 19,0,1,0 20,0,0,0 9,0,11,0 40,0,0,0 40,0,0,0 20,0,0,0
tig00018600 40582 118,0,0,0 128,0,0,0 18,0,0,0 19,0,0,1 20,0,0,0 38,0,0,0 40,0,0,0 20,0,0,0
tig00100579 15584 0,20,82,0 0,23,93,0 0,1,17,0 0,0,16,0 0,10,6,0 0,14,12,0 0,0,28,0 0,3,15,0
tig00063419 16840 104,0,0,0 130,0,0,0 20,0,0,0 20,0,0,0 18,0,0,0 36,0,0,0 38,0,0,0 17,0,0,1
tig00252036 20950 0,116,0,0 0,126,0,0 0,18,0,0 0,18,0,0 0,15,0,1 0,40,0,0 0,34,0,0 0,20,0,0
tig00061438 18925 0,126,0,0 0,125,0,15 0,14,0,6 0,20,0,0 0,20,0,0 0,40,0,0 0,37,0,3 0,14,0,6
tig00011452 112524 90,0,0,0 106,0,0,0 18,0,0,0 16,0,0,0 18,0,0,0 28,0,0,0 32,0,0,0 19,0,0,1
tig01933643 3433 68,0,0,0 84,0,0,0 12,0,0,0 15,0,1,0 18,0,0,0 24,0,0,0 32,0,0,0 20,0,0,0
tig00250375 44438 0,96,0,0 0,108,0,0 0,14,0,0 0,13,0,1 0,18,0,0 0,34,0,0 0,26,0,0 0,8,0,0
tig00254796 8930 0,0,118,0 0,0,136,0 0,0,20,0 0,0,19,1 0,0,20,0 0,0,36,0 0,0,40,0 0,0,18,0
tig01928650 198887 0,0,11,107 0,0,11,123 0,0,3,17 0,0,0,18 0,0,8,12 0,0,7,31 0,0,0,40 0,0,3,15
tig00250798 128396 0,0,9,117 0,0,12,126 0,0,2,18 0,0,3,17 0,0,6,14 0,0,0,40 0,0,0,40 0,0,1,19
tig00002025 4206 0,78,4,0 0,78,8,0 0,12,2,0 0,16,0,0 0,15,1,0 0,40,0,0 0,9,7,0 0,3,7,0
tig01934465 8240 0,0,116,0 0,0,132,0 4,0,14,0 0,0,20,0 0,0,18,0 4,0,36,0 0,0,40,0 0,0,20,0
tig00013396 67357 0,0,114,0 0,0,136,0 0,0,19,1 0,0,16,0 0,0,20,0 0,0,40,0 0,0,40,0 0,0,20,0
tig00259434 46717 0,126,0,0 0,140,0,0 0,18,0,2 0,20,0,0 0,20,0,0 0,40,0,0 0,40,0,0 0,20,0,0
tig00008790 38414 120,0,0,0 122,0,0,0 18,2,0,0 18,0,0,0 18,0,0,0 40,0,0,0 40,0,0,0 18,0,0,0
tig01936130 4723 0,48,0,26 0,58,0,44 0,3,0,9 0,14,0,2 0,6,0,8 0,0,0,22 0,32,0,0 0,20,0,0
tig00245881 97350 0,117,7,0 0,130,0,0 0,18,0,0 0,19,1,0 0,16,2,0 0,28,8,0 0,40,0,0 0,20,0,0
tig00249397 15354 0,0,99,23 0,0,103,29 0,0,18,0 0,0,19,1 0,0,20,0 0,0,40,0 0,0,40,0 0,0,18,0
tig00119894 5278 46,0,0,0 38,0,0,0 10,0,0,0 8,0,0,0 14,0,0,0 18,0,0,0 18,0,0,0 10,0,0,2
tig00048243 27605 0,0,118,0 0,0,128,0 0,0,20,0 0,0,18,0 0,0,20,0 0,0,40,0 0,0,40,0 1,0,17,0
tig00254626 42863 124,0,0,0 132,0,0,0 20,0,0,0 20,0,0,0 15,0,0,1 40,0,0,0 38,0,0,0 20,0,0,0
tig00020598 66013 0,0,0,116 0,0,0,128 0,0,0,18 0,0,1,19 0,0,0,20 0,0,0,36 0,0,0,38 0,0,0,20
tig00249433 40508 114,0,0,0 126,0,0,0 15,0,0,1 20,0,0,0 20,0,0,0 40,0,0,0 40,0,0,0 20,0,0,0
tig00039254 21132 0,0,0,104 0,0,0,110 0,0,0,18 0,0,0,16 0,0,12,8 0,0,0,38 0,0,0,40 0,0,0,18
tig00017814 40093 0,0,0,94 0,0,0,114 2,0,0,16 0,0,0,20 0,0,0,18 0,0,0,32 0,0,0,32 0,0,0,18
tig00246397 76347 120,0,0,0 136,0,0,0 20,0,0,0 20,0,0,0 7,0,13,0 25,0,13,0 40,0,0,0 20,0,0,0
tig00252884 16714 0,94,0,18 0,97,0,27 0,20,0,0 0,13,0,7 0,20,0,0 0,40,0,0 0,38,0,0 0,20,0,0
tig00051845 37683 62,0,0,0 78,0,0,0 10,0,2,0 12,0,0,0 16,0,2,0 26,0,0,0 19,0,5,0 10,0,6,0
tig00021987 37719 0,0,102,0 0,0,126,0 0,0,12,0 0,0,18,0 0,2,18,0 0,0,32,0 0,0,24,0 0,0,12,0
tig00044357 26608 0,124,0,0 0,132,0,0 0,18,0,0 0,20,0,0 0,20,0,0 0,34,0,6 0,40,0,0 0,20,0,0
tig00055632 15399 0,124,0,0 0,140,0,0 0,18,0,2 0,16,0,0 0,20,0,0 0,40,0,0 0,40,0,0 0,20,0,0
tig00252418 61661 0,0,0,122 0,0,0,132 0,0,0,18 1,0,0,19 0,0,0,20 0,0,0,38 0,0,0,40 0,0,0,18
tig01939229 3028 0,0,0,66 0,0,11,77 0,0,0,18 0,0,2,8 0,0,0,12 0,0,2,16 0,0,0,30 0,0,0,18
tig00021180 34597 0,0,106,0 0,0,132,0 0,0,20,0 0,0,19,1 0,0,20,0 0,0,40,0 0,0,36,0 0,0,20,0
tig00054548 22978 0,122,0,0 0,130,0,0 0,20,0,0 0,15,0,3 0,18,0,0 0,40,0,0 0,40,0,0 0,20,0,0
tig00085728 6635 112,0,0,0 128,0,0,0 18,0,0,0 20,0,0,0 20,0,0,0 36,0,0,2 38,0,0,0 18,0,0,0
tig00031166 23213 0,5,0,15 0,7,0,27 0,0,0,12 0,6,0,2 0,0,0,12 0,0,0,22 0,0,0,22 0,0,0,14
tig00010420 31621 0,0,118,0 0,0,128,0 0,0,16,0 0,0,18,0 0,0,20,0 0,0,40,0 0,0,40,0 0,0,19,1
tig00262054 22906 0,0,0,126 0,0,0,140 0,0,0,18 0,0,1,19 0,0,0,20 0,0,0,40 0,0,0,40 0,0,0,20
tig00246989 53748 0,104,0,0 0,110,0,0 0,16,0,0 0,13,0,1 0,16,0,0 0,32,0,0 0,36,0,0 0,16,0,0
tig00010599 16051 0,0,0,46 0,0,0,34 0,0,0,6 2,0,0,10 0,0,0,14 0,0,0,8 0,0,0,20 0,0,0,8
tig00250996 23193 0,86,0,0 0,76,0,0 0,16,0,0 0,10,0,0 0,14,0,0 0,26,0,0 0,13,0,3 0,4,0,2
tig00010584 54235 124,0,0,0 138,0,0,0 20,0,0,0 18,0,0,0 19,0,0,1 40,0,0,0 40,0,0,0 20,0,0,0
tig00013081 15770 0,110,0,0 0,126,0,0 0,19,0,1 0,20,0,0 0,20,0,0 0,38,0,0 0,40,0,0 0,20,0,0
tig00031078 15021 0,120,0,0 0,122,0,0 0,14,0,0 0,17,1,0 0,18,0,0 0,40,0,0 0,38,0,0 0,20,0,0
tig00261130 37447 68,0,0,0 80,0,0,0 10,0,2,0 6,0,0,0 18,0,0,0 28,0,0,0 18,0,0,0 10,0,0,0
tig01929099 16316 0,0,0,68 0,0,0,68 0,2,0,14 0,0,0,12 0,0,0,12 0,0,0,34 0,0,0,32 0,0,0,14
tig01932475 7658 0,86,0,0 0,76,0,0 0,8,0,0 0,14,0,0 0,3,3,0 0,14,0,0 0,38,0,0 0,20,0,0
tig00015352 17279 96,0,0,0 80,0,0,0 10,0,2,0 12,0,0,0 14,0,0,0 40,0,0,0 24,0,0,0 14,0,0,0
tig00068784 6783 6,0,0,108 0,0,0,128 0,0,0,18 1,0,0,17 0,0,0,18 0,0,0,38 0,0,0,40 0,0,0,20
tig01936323 1676 0,0,87,39 0,0,95,45 0,0,14,6 0,0,16,4 0,0,17,3 0,0,20,20 0,0,35,5 0,0,15,3
tig00014263 57146 0,126,0,0 0,124,0,8 0,20,0,0 0,18,0,0 0,20,0,0 0,40,0,0 0,30,0,10 0,18,0,2
tig00023196 14402 0,126,0,0 0,140,0,0 0,20,0,0 0,20,0,0 0,20,0,0 0,40,0,0 0,40,0,0 0,19,0,1
tig00058533 9966 120,0,0,0 136,0,0,0 18,0,0,0 20,0,0,0 17,0,0,1 40,0,0,0 38,0,0,0 18,0,0,0
tig00260129 14216 0,0,0,106 0,0,0,122 3,0,0,17 0,0,0,14 2,0,0,12 3,0,0,35 4,0,0,30 0,0,0,12
tig01930385 19864 112,0,0,0 112,0,0,0 16,0,0,2 18,0,0,0 10,0,0,0 34,0,0,0 34,0,0,0 20,0,0,0
tig00033361 6339 0,66,0,6 0,82,0,10 0,12,0,0 0,6,0,6 0,18,0,0 0,28,0,0 0,28,0,0 0,18,0,0
tig00257759 2710 0,34,0,0 0,62,0,0 0,8,0,0 0,12,0,0 0,10,0,0 2,26,0,0 0,14,0,0 0,8,0,0
tig00027724 22312 0,0,38,0 0,0,48,0 0,0,6,0 0,0,9,2 0,0,14,0 0,0,18,0 0,0,22,0 0,0,12,0
tig00260133 17930 86,0,30,0 104,0,36,0 14,0,6,0 14,0,6,0 16,0,4,0 26,0,14,0 25,0,15,0 13,0,7,0
tig00055579 40863 0,124,0,0 0,136,0,0 0,18,0,0 0,20,0,0 0,19,1,0 0,36,0,0 0,40,0,0 0,20,0,0
tig00040858 16477 0,0,126,0 0,0,140,0 0,1,19,0 0,0,20,0 0,0,20,0 0,0,40,0 0,0,40,0 0,0,20,0
tig00134010 1067 0,0,120,0 0,0,136,0 0,0,20,0 0,0,18,0 0,0,20,0 0,0,38,0 0,0,40,0 0,0,17,1
tig00008723 41705 0,0,126,0 0,0,138,0 0,0,20,0 0,0,20,0 0,0,20,0 0,0,40,0 2,0,38,0 0,0,20,0
tig00027343 43606 89,0,0,33 105,0,0,31 18,0,0,0 19,0,0,1 20,0,0,0 40,0,0,0 38,0,0,0 20,0,0,0
tig01930615 27816 0,90,0,0 0,104,0,0 2,18,0,0 0,14,0,0 0,20,0,0 0,30,0,0 0,32,0,0 0,18,0,0
tig00253943 18853 0,0,0,118 0,0,0,132 1,0,0,17 0,0,0,18 0,0,0,20 0,0,0,40 0,0,0,40 0,0,0,20
tig01939252 19973 106,0,0,0 114,0,0,0 19,1,0,0 16,0,0,0 20,0,0,0 38,0,0,0 38,0,0,0 20,0,0,0
tig01939253 5205 0,0,3,35 0,0,0,48 0,0,0,8 0,0,0,6 0,0,0,10 0,0,0,26 0,0,0,30 0,0,0,10
tig01928645 174413 0,126,0,0 0,130,0,0 0,18,0,0 0,20,0,0 0,19,1,0 0,40,0,0 0,40,0,0 0,20,0,0
tig00254322 38765 91,0,15,0 111,0,15,0 10,0,10,0 16,0,2,0 8,0,12,0 13,0,25,0 34,0,0,0 18,0,0,0
tig00025216 5671 124,0,0,0 132,0,0,0 17,0,0,1 20,0,0,0 18,0,0,0 40,0,0,0 40,0,0,0 20,0,0,0
tig00254832 10376 0,0,0,118 0,0,0,134 0,0,0,20 1,0,0,19 0,0,0,18 0,0,0,40 0,0,0,38 0,0,0,20
tig00020728 12113 0,0,55,71 0,0,56,80 0,0,8,12 0,0,10,10 0,0,8,12 0,0,16,24 0,0,16,24 0,0,10,10
tig00092974 11141 0,0,0,122 0,0,0,140 0,0,0,18 0,0,0,18 0,2,0,18 0,8,0,30 0,0,0,40 0,0,0,20
tig00046504 7752 26,92,0,0 21,109,0,0 4,14,0,0 4,14,0,0 7,13,0,0 10,30,0,0 11,25,0,0 3,17,0,0
tig00053874 7482 67,0,59,0 70,0,70,0 9,0,11,0 9,0,11,0 11,0,9,0 20,0,20,0 21,0,19,0 12,0,8,0
tig00046406 10904 0,118,0,0 0,127,7,0 0,18,0,0 0,20,0,0 0,20,0,0 0,40,0,0 0,38,0,0 0,20,0,0
tig00252025 44679 126,0,0,0 132,0,0,0 20,0,0,0 20,0,0,0 18,0,2,0 36,0,0,0 38,0,0,0 20,0,0,0
tig00003092 19946 43,0,0,35 47,0,0,25 4,0,0,2 9,0,0,9 2,0,0,4 18,0,0,12 18,0,0,10 16,0,0,4
tig00006365 45482 120,0,0,0 134,0,0,0 18,0,0,0 14,0,0,6 20,0,0,0 40,0,0,0 38,0,0,0 20,0,0,0
tig00011385 61437 0,92,0,31 0,98,0,38 0,16,0,0 0,11,0,9 0,20,0,0 0,40,0,0 0,38,0,0 0,18,0,0
tig00088862 20539 0,0,126,0 0,0,134,0 0,0,20,0 0,0,20,0 4,0,16,0 0,0,40,0 0,0,40,0 0,0,20,0
tig00106914 8306 0,42,0,36 0,32,0,66 0,1,0,13 0,14,0,0 0,3,0,9 0,14,0,6 0,3,0,21 0,13,0,1
tig01930276 4178 0,0,38,0 0,0,42,0 2,0,10,0 0,0,10,0 2,0,16,0 2,0,12,0 0,0,24,0 0,0,8,0
tig00100702 8363 0,0,124,0 0,0,136,0 0,1,19,0 0,0,20,0 0,0,20,0 0,0,40,0 0,0,40,0 0,0,20,0
tig00261553 17893 0,60,0,0 0,86,0,0 0,10,0,0 0,10,0,0 0,8,0,0 0,22,0,0 0,25,0,3 0,16,0,2
tig00250726 26319 0,0,0,112 0,0,0,104 0,0,1,19 0,0,0,18 0,0,0,18 0,0,0,40 0,0,0,38 0,0,1,19
tig01930657 7041 0,120,0,0 0,132,0,0 1,19,0,0 0,20,0,0 0,20,0,0 0,38,0,0 0,40,0,0 0,20,0,0
tig00098859 11132 0,0,94,0 0,0,106,0 0,0,18,0 0,0,16,0 0,0,18,0 0,0,36,0 0,0,13,13 0,0,10,2
tig00248349 16367 0,114,0,0 0,130,0,0 0,18,0,0 0,19,0,1 0,20,0,0 0,40,0,0 0,40,0,0 0,20,0,0
tig00247392 52253 124,0,0,0 140,0,0,0 18,0,0,2 20,0,0,0 20,0,0,0 40,0,0,0 40,0,0,0 20,0,0,0
tig00063194 4306 51,73,0,0 47,81,0,0 15,3,0,0 9,11,0,0 11,7,0,0 16,24,0,0 3,37,0,0 3,17,0,0
tig00069434 11171 0,112,0,0 0,118,0,0 0,18,0,0 0,18,0,0 0,19,0,1 0,34,0,6 0,38,0,0 0,20,0,0
tig01928635 26154 0,116,0,0 0,120,0,0 0,18,0,0 0,20,0,0 0,18,0,2 0,36,0,0 0,36,0,0 0,20,0,0
tig00069920 5699 78,48,0,0 83,55,0,0 10,10,0,0 12,8,0,0 10,10,0,0 22,18,0,0 17,21,0,0 11,9,0,0
tig01940109 10319 126,0,0,0 140,0,0,0 19,0,1,0 20,0,0,0 20,0,0,0 40,0,0,0 40,0,0,0 20,0,0,0
tig00255162 52112 0,122,0,0 0,124,0,0 0,20,0,0 0,16,0,4 0,20,0,0 0,40,0,0 0,38,0,0 0,16,0,4
tig00035004 9849 0,122,0,0 0,138,0,0 0,16,0,0 0,16,0,0 0,19,1,0 0,40,0,0 0,38,0,0 0,18,0,0
tig00016857 80168 0,0,122,0 0,0,130,0 0,0,18,0 0,0,20,0 1,0,19,0 0,0,36,0 0,0,40,0 0,0,20,0
tig00245832 102448 120,0,0,0 140,0,0,0 18,0,0,2 20,0,0,0 20,0,0,0 40,0,0,0 40,0,0,0 20,0,0,0
tig00027996 32366 124,0,0,0 138,0,0,0 20,0,0,0 20,0,0,0 20,0,0,0 40,0,0,0 36,0,0,4 20,0,0,0
tig00249428 34480 0,124,0,0 0,138,0,0 0,18,0,0 0,20,0,0 0,20,0,0 0,36,0,0 0,40,0,0 0,19,1,0
tig00256457 23533 0,0,126,0 0,0,140,0 0,0,20,0 1,0,19,0 2,0,18,0 0,0,40,0 0,0,40,0 0,0,20,0
tig00252518 12670 49,0,0,15 56,0,0,8 8,0,0,0 9,0,0,3 12,0,0,0 18,0,0,0 34,0,0,0 8,0,0,0
tig01933177 3859 122,0,0,0 132,0,0,0 16,0,0,0 18,0,0,0 19,0,0,1 40,0,0,0 40,0,0,0 18,0,0,0
tig00039066 14819 0,0,104,0 0,0,92,0 0,0,10,0 0,0,14,0 0,0,12,0 4,0,36,0 0,0,28,0 0,0,16,0
tig00079445 2747 0,0,0,116 0,0,0,134 0,0,0,20 0,0,0,20 0,0,0,18 0,0,0,40 0,0,0,40 0,2,0,18
tig00259325 16773 0,0,0,118 0,0,0,126 0,0,0,20 1,0,0,19 0,0,0,18 0,0,0,40 0,0,0,40 0,0,0,16
tig01930126 10849 62,64,0,0 58,80,0,0 8,10,0,0 8,12,0,0 7,13,0,0 11,29,0,0 14,26,0,0 1,19,0,0
tig00247316 62544 0,0,0,112 0,0,0,132 0,0,0,18 0,1,0,17 0,0,0,20 0,0,0,40 0,0,0,38 0,0,0,20
tig00252540 30728 14,0,77,0 9,0,95,0 0,0,14,0 4,0,14,0 3,0,17,0 0,0,38,0 4,0,28,0 0,0,20,0
tig00076366 7296 0,126,0,0 0,130,0,0 0,18,0,0 0,20,0,0 0,17,0,1 0,40,0,0 0,40,0,0 0,18,0,0
tig01940258 20909 0,76,0,0 0,70,0,0 0,16,0,0 0,10,0,0 0,12,2,0 0,24,0,0 0,32,0,0 0,12,0,0
tig00067009 1557 0,42,0,0 0,30,0,0 0,10,0,0 0,6,0,0 1,7,0,0 0,26,0,0 0,26,0,0 0,14,0,0
tig00086428 16933 120,0,0,0 138,0,0,0 18,2,0,0 20,0,0,0 20,0,0,0 40,0,0,0 40,0,0,0 20,0,0,0
tig00090618 12412 0,0,108,0 0,0,124,0 0,1,19,0 0,0,20,0 0,0,20,0 0,0,38,0 0,0,40,0 0,0,16,0
tig00012051 26478 118,0,0,0 138,0,0,0 17,0,1,0 20,0,0,0 18,0,0,0 40,0,0,0 38,0,0,0 20,0,0,0
tig00054278 9743 0,0,0,38 0,0,0,56 0,0,0,14 0,0,0,14 0,0,0,18 0,0,0,24 2,0,0,20 0,0,0,12
tig01929200 34909 0,122,0,0 0,132,0,0 0,18,0,0 0,20,0,0 0,19,0,1 0,38,0,0 0,40,0,0 0,20,0,0
tig00090994 10507 0,50,0,0 0,46,0,0 0,6,0,2 0,12,0,0 0,8,0,0 0,8,0,0 0,24,0,0 0,6,0,0
tig01929813 55887 0,0,0,122 0,0,0,132 1,0,0,17 0,0,0,18 0,0,0,20 0,0,0,38 0,0,0,40 0,0,0,18
tig00079695 4011 120,0,0,0 132,0,0,0 18,2,0,0 18,0,0,0 18,0,0,0 38,0,0,0 38,0,0,0 20,0,0,0
tig00262780 30803 0,122,0,0 0,134,0,0 0,17,0,1 0,20,0,0 0,20,0,0 0,36,0,0 0,40,0,0 0,18,0,0
tig00052264 11157 102,0,0,0 116,0,0,0 17,0,0,1 20,0,0,0 20,0,0,0 38,0,0,0 36,0,0,0 16,0,0,0
tig01929675 75215 0,122,0,0 0,126,0,0 2,16,0,0 0,20,0,0 0,20,0,0 0,40,0,0 0,38,0,0 0,20,0,0
tig01931036 20646 0,0,0,116 0,0,0,132 2,0,0,16 0,0,0,16 0,0,0,20 0,0,0,38 0,0,0,40 0,0,0,20
tig01933380 5778 67,0,53,0 58,0,80,0 5,0,15,0 1,0,17,0 5,0,15,0 10,0,29,0 20,0,20,0 8,0,10,0
tig00048081 19976 0,0,96,0 0,0,124,0 0,0,18,0 1,0,17,0 0,0,20,0 0,0,38,0 0,0,32,0 0,0,16,0
tig00252332 40814 0,0,0,116 0,0,0,132 0,0,0,16 0,0,0,20 0,0,0,20 0,0,0,34 0,0,0,40 1,0,0,19
tig00060784 22150 0,120,0,0 0,130,0,0 0,18,0,0 0,20,0,0 0,13,0,7 0,30,0,6 0,40,0,0 0,20,0,0
tig00001605 31731 55,0,67,0 61,0,75,0 8,0,12,0 9,0,11,0 10,0,10,0 21,0,19,0 20,0,20,0 10,0,10,0
tig00087849 19501 52,0,0,0 48,0,0,0 6,0,0,0 8,0,0,0 8,0,0,0 18,0,0,0 17,0,5,0 10,0,4,0
tig00027890 21136 0,0,116,0 0,0,138,0 0,0,17,1 0,0,20,0 0,0,19,1 0,0,40,0 0,0,40,0 0,0,20,0
tig00247531 16797 116,0,0,0 134,0,0,0 18,0,0,0 20,0,0,0 19,0,0,1 38,0,0,0 40,0,0,0 20,0,0,0
tig00105346 14297 113,0,11,0 119,0,13,0 20,0,0,0 19,0,1,0 20,0,0,0 40,0,0,0 38,0,0,0 20,0,0,0
tig00251731 37973 47,0,0,77 52,0,0,88 8,0,0,12 8,0,0,12 9,0,0,11 19,0,0,19 18,0,0,20 7,0,0,13
tig00007969 6476 0,82,0,44 0,81,0,59 0,10,0,10 0,10,0,10 0,12,0,8 0,22,0,18 0,22,0,18 0,12,0,8
tig00107663 10718 0,90,0,0 0,96,0,0 0,11,0,1 0,18,0,0 0,20,0,0 0,30,0,0 0,34,0,0 0,18,0,0
tig00111377 5334 68,0,58,0 73,0,67,0 10,0,10,0 11,0,9,0 11,0,9,0 22,0,18,0 20,0,20,0 11,0,9,0
tig01933502 23499 0,66,0,0 0,58,0,0 0,12,0,0 0,12,0,0 0,14,0,0 0,26,0,0 0,18,2,0 0,12,0,0
tig00075811 12009 0,126,0,0 0,138,0,0 0,18,2,0 0,20,0,0 0,20,0,0 0,40,0,0 0,40,0,0 0,20,0,0
tig00096728 7900 0,0,0,116 0,0,0,124 1,0,0,19 0,0,0,18 0,0,0,18 0,0,0,32 0,0,0,38 0,0,0,16
tig01929144 15097 0,43,0,57 0,33,0,77 0,3,0,17 0,13,0,5 0,0,0,18 0,7,0,23 0,18,0,10 0,11,0,3
tig01932826 39400 0,0,86,0 0,0,100,0 0,0,14,0 0,0,16,0 0,0,18,0 0,0,34,0 2,0,26,0 0,0,6,0
tig00050153 15577 84,0,0,24 100,0,0,30 13,0,0,7 16,0,0,4 16,0,0,4 32,0,0,8 28,0,0,12 13,0,0,7
tig00059996 4609 12,0,0,94 8,0,0,86 0,0,0,10 4,0,0,14 3,0,0,17 0,0,0,30 0,0,0,12 0,0,0,6
tig00060722 11825 0,0,98,0 0,0,114,0 0,0,20,0 1,0,13,0 0,0,20,0 0,0,32,0 0,0,40,0 0,0,20,0
tig00032529 19895 0,122,0,0 0,134,0,0 0,19,0,1 0,20,0,0 0,20,0,0 0,40,0,0 0,40,0,0 0,18,0,0
tig00010874 14527 0,102,0,22 0,112,0,24 0,15,0,5 0,13,0,7 0,20,0,0 0,35,0,3 0,31,0,9 0,17,0,3
tig00032301 43545 0,85,0,19 0,99,0,17 0,16,0,0 0,11,0,3 0,16,0,0 0,40,0,0 0,36,0,0 0,16,0,0
tig00016360 9428 0,0,120,0 0,0,134,0 2,0,18,0 0,0,20,0 0,0,20,0 0,0,40,0 0,0,40,0 0,0,18,0
tig00030365 7270 0,0,0,74 0,0,0,100 0,0,0,6 0,0,0,8 0,0,0,8 0,0,0,22 0,0,0,18 0,0,1,15
tig00256317 41503 0,120,0,0 0,122,0,0 0,18,0,0 0,19,0,1 0,20,0,0 0,32,0,0 0,40,0,0 0,20,0,0
tig00260240 152 0,109,0,15 0,133,0,7 0,17,0,3 0,16,0,4 0,13,0,3 0,40,0,0 0,29,0,11 0,17,0,3
tig00085346 8128 0,0,106,0 0,0,118,0 1,0,19,0 0,0,18,0 0,0,16,0 0,0,34,0 0,0,32,0 0,0,18,0
tig00027337 29586 0,0,108,0 0,0,104,0 0,0,16,0 0,0,16,0 0,0,10,0 0,0,26,0 2,0,16,0 0,0,10,0
tig00011323 26358 0,0,0,120 0,9,0,121 0,2,0,16 0,5,0,15 0,0,0,18 0,2,0,38 0,14,0,26 0,4,0,16
tig00246043 38501 120,0,0,0 138,0,0,0 20,0,0,0 20,0,0,0 20,0,0,0 38,0,0,0 40,0,0,0 19,1,0,0
tig00085268 19946 0,0,106,16 0,0,110,24 0,0,12,6 0,0,14,6 0,0,11,9 0,0,22,18 0,0,25,15 0,0,14,6
tig00252723 12542 0,30,0,96 0,32,0,106 0,5,0,15 0,8,0,12 0,3,0,17 0,9,0,31 0,11,0,29 0,6,0,14
tig00036402 12627 0,0,0,120 0,0,0,130 0,0,0,18 0,1,0,19 0,0,0,20 0,0,0,40 0,0,0,40 0,0,0,20
tig00251650 40705 93,0,0,9 107,0,0,17 9,0,0,5 16,0,0,2 10,0,0,6 34,0,0,6 27,0,0,11 15,0,0,5
tig00080993 10749 101,0,0,25 106,0,0,34 17,0,0,3 15,0,0,5 18,0,0,2 35,0,0,5 37,0,0,3 13,0,0,7
tig00010636 61917 0,126,0,0 0,140,0,0 0,20,0,0 0,20,0,0 0,20,0,0 0,36,0,4 0,40,0,0 0,19,0,1
tig00114775 1101 0,0,24,0 0,0,38,0 0,0,10,0 0,0,10,0 2,0,10,0 0,0,28,0 0,0,18,0 0,0,14,0
tig00246175 77972 96,0,0,0 104,0,0,0 11,0,0,3 20,0,0,0 17,0,0,1 36,0,0,2 40,0,0,0 18,0,0,0
tig00251971 12238 112,0,0,8 132,0,0,0 17,0,0,1 18,0,0,2 16,0,0,2 40,0,0,0 36,0,0,0 6,0,0,0
tig00261128 21785 0,104,0,0 0,100,0,0 0,15,3,0 0,16,0,0 0,18,0,0 0,34,0,0 0,32,0,0 0,10,0,0
tig01931055 44610 0,64,0,0 0,86,0,0 0,10,0,0 0,14,2,0 0,20,0,0 0,36,0,0 0,38,0,0 0,20,0,0
tig00054076 3057 110,0,0,0 136,0,0,0 16,0,0,0 20,0,0,0 20,0,0,0 38,0,0,0 40,0,0,0 19,0,0,1
tig00058681 33401 0,124,0,0 0,132,0,0 0,20,0,0 0,16,0,0 0,20,0,0 0,40,0,0 6,34,0,0 5,15,0,0
tig00075044 8986 0,0,110,0 0,0,110,0 0,1,19,0 0,0,20,0 0,0,18,0 0,0,34,0 0,0,36,0 0,1,15,0
tig00084319 8876 0,0,0,86 0,0,0,94 0,0,0,8 0,0,0,16 1,0,0,17 0,0,0,38 0,0,0,38 0,0,0,18
tig00118990 8862 0,0,124,0 0,0,140,0 0,0,19,1 0,0,20,0 0,0,20,0 0,0,40,0 0,0,38,0 0,0,20,0
tig00251648 26314 0,0,0,124 0,0,0,138 2,0,0,18 2,0,0,18 0,0,0,20 3,0,0,35 3,0,0,37 2,0,0,18
tig01929192 18026 0,112,0,0 0,114,0,0 0,18,0,0 0,20,0,0 0,18,0,0 0,34,0,0 0,36,0,0 0,17,0,1
tig00087020 8539 71,0,55,0 74,0,66,0 12,0,8,0 10,0,10,0 10,0,10,0 22,0,18,0 21,0,19,0 13,0,7,0
tig00087020 14963 0,0,0,124 0,0,0,132 0,0,0,20 0,0,0,20 0,0,0,20 0,0,0,40 0,0,0,38 0,1,0,19
tig00075681 12230 0,59,0,67 0,64,0,76 0,10,0,10 0,9,0,11 0,9,0,11 0,20,0,20 0,19,0,21 0,10,0,10
tig00251110 95502 112,0,0,0 130,0,0,0 17,0,1,0 20,0,0,0 20,0,0,0 40,0,0,0 38,0,0,0 18,0,0,0
tig00257399 16282 0,84,0,0 0,90,0,0 0,14,0,0 0,20,0,0 0,20,0,0 0,37,0,3 0,34,0,0 0,12,0,0
tig00019540 7629 19,99,0,0 20,108,0,0 0,18,0,0 1,17,0,0 0,20,0,0 0,36,0,0 0,40,0,0 0,20,0,0
tig01937358 7484 0,0,88,0 0,0,102,0 0,0,10,0 5,0,13,0 5,0,13,0 0,0,36,0 0,0,36,0 3,0,17,0
tig00062651 12921 0,0,112,0 0,0,140,0 0,0,20,0 0,0,20,0 0,1,19,0 0,0,38,0 0,0,34,0 0,0,14,0
tig00103360 1762 0,0,42,8 0,0,45,5 0,0,10,4 0,0,6,0 0,0,8,4 0,0,23,3 0,0,24,0 0,0,10,2
tig01936276 3688 0,0,108,0 0,0,128,0 1,0,19,0 0,0,16,0 0,0,20,0 0,0,28,0 0,0,36,0 0,0,18,0
tig00047616 35936 122,0,0,0 134,0,0,0 20,0,0,0 20,0,0,0 19,1,0,0 40,0,0,0 38,0,0,0 20,0,0,0
tig00135635 13612 120,0,0,0 132,0,0,0 17,0,1,0 20,0,0,0 20,0,0,0 36,0,0,0 38,0,0,0 20,0,0,0
tig01933688 11356 13,0,0,113 13,0,0,127 2,0,0,18 3,0,0,17 0,0,0,20 0,0,0,40 0,0,0,40 0,0,0,20
tig00001646 24623 126,0,0,0 140,0,0,0 19,1,0,0 20,0,0,0 20,0,0,0 40,0,0,0 40,0,0,0 20,0,0,0
tig00002998 3640 0,36,0,84 0,36,0,94 0,10,0,10 0,3,0,13 0,14,0,2 0,31,0,9 0,12,0,26 0,1,0,15
tig00043489 28146 0,120,0,0 7,129,0,0 0,18,0,0 0,20,0,0 1,19,0,0 0,40,0,0 0,40,0,0 0,20,0,0
tig00246351 77821 118,0,0,0 140,0,0,0 18,0,0,0 17,0,0,1 20,0,0,0 36,0,0,0 38,0,0,0 20,0,0,0
tig00260636 6659 0,0,126,0 0,0,138,0 0,0,18,0 0,1,17,0 0,0,20,0 0,0,40,0 0,0,36,0 0,0,18,0
tig00018693 16105 0,0,106,0 0,0,124,0 0,0,14,0 0,0,20,0 7,0,13,0 0,0,40,0 0,0,34,0 0,0,20,0
tig00263734 5651 0,126,0,0 0,138,0,0 0,20,0,0 0,18,0,2 0,20,0,0 0,40,0,0 0,40,0,0 0,20,0,0
tig00103489 9095 0,0,0,108 0,0,0,126 0,0,0,14 0,0,0,14 0,0,0,18 1,0,0,19 0,0,0,28 0,0,0,20
tig00105768 9371 0,0,0,122 0,0,0,140 0,0,0,20 0,0,2,18 0,0,0,18 0,0,0,40 0,0,0,40 0,0,0,18
tig00246749 36058 0,0,0,126 0,0,0,134 1,0,0,17 0,0,0,18 0,0,0,20 0,0,0,40 0,0,0,36 0,0,0,20
tig01932939 40999 0,120,0,0 0,138,0,0 0,20,0,0 0,20,0,0 0,20,0,0 0,38,0,0 0,37,0,3 0,19,0,1
tig00041284 16992 0,0,0,112 0,0,0,120 0,0,0,18 0,0,0,20 0,0,0,10 0,0,0,24 0,0,0,36 1,0,0,15
tig00024889 19017 0,120,0,0 0,134,0,0 0,16,0,0 0,18,0,0 0,14,0,0 0,38,0,0 4,36,0,0 1,19,0,0
tig00026009 50050 12,0,0,108 24,0,0,104 4,0,0,16 0,0,0,18 9,0,0,9 20,0,0,18 0,0,0,36 0,0,0,18
tig00257483 38631 0,84,0,34 0,87,0,47 0,11,0,7 0,11,0,9 0,14,0,6 0,19,0,15 0,23,0,17 0,10,0,8
tig00247165 60194 84,0,0,38 99,0,0,35 16,0,0,0 10,0,0,10 18,0,0,0 40,0,0,0 40,0,0,0 20,0,0,0
tig00009800 30657 44,0,34,0 42,0,38,0 5,0,7,0 2,0,10,0 13,0,3,0 14,0,20,0 17,0,13,0 8,0,6,0
tig00017207 20726 0,0,110,0 0,0,130,0 0,0,16,0 0,0,16,0 2,0,18,0 0,0,38,0 0,0,38,0 0,0,18,0
tig01938314 53090 60,0,0,0 52,0,0,0 10,0,0,0 12,0,0,0 8,0,0,0 20,0,0,0 27,0,0,3 9,0,0,1
tig00013032 19219 0,118,0,0 0,140,0,0 0,17,0,1 0,18,0,0 0,18,0,0 0,40,0,0 0,40,0,0 0,20,0,0
tig00059976 18304 0,0,112,8 0,0,122,8 0,0,16,4 0,0,20,0 0,0,20,0 0,0,38,0 0,0,40,0 0,0,18,0
tig00255259 862 0,0,124,0 0,0,140,0 0,0,20,0 1,0,19,0 0,0,20,0 0,0,40,0 0,0,40,0 0,0,20,0
tig00099210 3221 118,0,0,0 132,0,0,0 18,0,2,0 20,0,0,0 18,0,0,0 40,0,0,0 40,0,0,0 20,0,0,0
tig00257049 51525 112,0,0,0 122,0,0,0 14,0,0,0 20,0,0,0 20,0,0,0 38,0,0,0 31,0,0,7 19,0,0,1
tig00007630 28926 0,108,16,0 0,107,29,0 0,16,4,0 0,17,3,0 0,18,0,0 0,33,7,0 0,30,8,0 0,13,7,0
tig00000308 109477 0,0,114,0 0,0,126,0 0,0,18,0 0,0,12,0 1,0,19,0 0,0,36,0 0,0,40,0 0,0,20,0
tig00024261 31178 0,110,0,0 0,116,0,0 0,16,0,0 0,16,0,0 0,19,0,1 0,38,0,0 0,36,0,0 0,18,0,0
tig00071255 12966 0,110,0,0 0,124,0,0 0,12,0,0 0,12,0,0 0,16,0,0 0,19,1,0 0,26,0,0 0,18,0,0
tig00251484 74586 0,0,94,0 0,0,108,0 0,0,16,0 0,0,20,0 3,0,15,0 0,0,36,0 0,0,36,0 0,0,16,0
tig00013352 29449 0,86,0,0 0,97,7,0 0,20,0,0 0,17,3,0 0,16,2,0 0,24,0,0 0,29,3,0 0,14,0,0
tig00124850 30775 0,116,0,10 0,131,0,7 0,20,0,0 0,19,0,1 0,19,0,1 0,34,0,6 0,40,0,0 0,20,0,0
tig00042312 2515 0,0,42,0 0,0,44,0 0,0,8,0 0,0,10,0 0,0,14,2 0,0,18,0 0,0,18,0 0,0,12,0
tig00008220 29472 0,0,0,120 0,0,0,128 0,0,0,16 0,1,0,19 0,0,0,18 0,0,0,36 0,0,0,38 0,0,0,16
tig01930488 12721 0,0,114,0 0,0,126,0 1,0,19,0 1,0,17,0 0,0,18,0 0,0,40,0 0,0,36,0 0,0,20,0
tig00038675 12501 0,126,0,0 0,138,0,0 0,20,0,0 0,20,0,0 0,20,0,0 0,40,0,0 0,38,0,0 1,19,0,0
tig01938171 9438 25,0,79,0 25,0,105,0 5,0,13,0 0,0,20,0 12,0,8,0 0,0,34,0 2,0,36,0 0,0,18,0
tig00120255 17255 0,40,0,80 0,24,0,104 0,6,0,12 0,4,0,16 0,17,0,3 0,32,0,4 0,18,0,18 0,15,0,5
tig00246249 36187 62,0,0,64 67,0,0,73 11,0,0,9 9,0,0,11 10,0,0,10 21,0,0,19 21,0,0,19 10,0,0,10
tig00252201 15597 0,82,0,22 0,106,0,16 0,18,0,0 0,20,0,0 0,18,0,0 0,28,0,0 0,38,0,0 0,18,0,0
tig00088913 6336 0,0,0,118 0,0,0,134 0,0,0,20 0,0,0,20 0,0,0,20 0,0,0,40 0,4,0,36 0,0,0,18
tig00263635 10425 50,0,0,0 66,0,0,0 13,0,1,0 6,0,0,0 12,0,0,0 34,0,0,0 32,0,0,0 14,0,0,0
tig00250184 78986 0,0,0,124 0,0,0,136 0,0,0,20 0,0,0,20 0,0,0,20 0,0,0,40 0,0,0,40 0,7,0,13
tig00254805 18652 0,0,28,0 0,0,58,0 2,0,6,0 0,0,12,0 0,0,12,0 0,0,18,0 0,0,20,0 0,0,10,0
tig01930618 20113 0,0,0,112 0,0,0,122 0,0,0,14 0,0,0,20 0,0,0,16 0,0,0,36 0,0,0,36 0,0,1,17
tig00246173 52906 0,122,0,0 0,138,0,0 0,18,0,0 0,18,0,0 0,18,0,0 0,38,0,0 0,36,4,0 0,18,0,0
tig00122866 3586 0,0,79,45 0,0,83,53 0,0,15,5 0,0,11,9 0,0,19,1 0,0,26,12 0,0,30,10 0,0,10,8
tig00246173 87231 118,0,0,0 128,0,0,0 18,0,0,0 20,0,0,0 16,0,0,4 40,0,0,0 40,0,0,0 20,0,0,0
tig00040623 26254 126,0,0,0 138,0,0,0 18,0,0,0 18,0,0,0 18,0,0,0 40,0,0,0 40,0,0,0 19,0,0,1
tig00259201 15721 0,0,0,122 0,0,0,136 2,0,0,18 0,0,0,20 0,0,0,20 0,0,0,40 0,0,0,40 0,0,0,20
tig00255047 29260 0,105,6,0 0,128,0,0 0,12,0,0 0,11,7,0 0,15,1,0 0,36,0,0 0,5,21,0 0,9,3,0
tig00037744 9965 0,0,114,0 0,0,132,0 0,0,18,0 0,0,16,0 0,0,8,0 0,0,28,0 4,0,32,0 0,0,20,0
tig00003891 102892 0,118,0,0 0,132,0,0 1,19,0,0 0,18,0,0 0,20,0,0 0,40,0,0 0,40,0,0 0,20,0,0
tig00047956 11093 0,0,66,0 0,0,74,0 3,0,13,0 0,0,16,0 1,0,17,0 8,0,20,0 0,0,32,0 0,0,20,0
tig00112561 6318 0,0,0,62 0,0,0,70 0,0,0,12 0,3,0,17 0,0,0,16 0,0,0,30 0,0,0,40 0,0,0,12
tig00071188 13447 0,0,0,124 0,0,0,138 0,0,0,20 0,0,0,20 0,0,0,20 0,0,0,40 0,0,0,36 0,1,0,19
tig00085595 12211 5,79,0,0 0,114,0,0 0,8,0,0 1,19,0,0 3,15,0,0 6,28,0,0 4,26,0,0 4,8,0,0
tig00248922 34119 0,118,0,0 0,134,0,0 0,18,0,0 0,20,0,0 0,17,0,1 0,35,0,3 0,24,0,2 0,12,0,0
tig00246762 79098 0,101,0,5 0,108,0,12 0,9,0,3 0,16,0,0 0,14,0,0 0,26,0,0 0,34,0,2 0,20,0,0
tig00043187 4327 0,64,12,0 0,70,14,0 0,14,0,0 0,15,1,0 0,18,0,0 0,28,0,0 0,30,0,0 0,18,0,0
tig01928809 3796 0,80,0,0 0,88,0,0 0,10,0,0 0,10,0,0 0,14,0,0 0,26,0,0 0,16,2,0 0,16,0,0
tig00022324 19957 0,0,114,0 0,0,122,0 0,0,20,0 0,0,20,0 0,0,18,0 0,0,38,0 0,0,38,0 5,0,14,0
tig00026666 93305 0,114,0,0 0,118,0,8 0,19,0,1 0,20,0,0 0,17,0,1 0,38,0,0 0,28,0,12 0,18,0,2
tig00068951 2598 118,0,0,0 134,0,0,0 16,0,0,0 18,0,0,0 20,0,0,0 38,0,0,0 40,0,0,0 17,0,0,1
tig00251969 21875 0,110,0,0 0,122,0,0 0,17,1,0 0,18,0,0 0,20,0,0 0,40,0,0 0,34,0,0 0,20,0,0
tig00248971 18484 124,0,0,0 138,0,0,0 16,0,0,2 19,0,0,1 17,0,0,1 30,0,0,10 31,0,0,7 14,0,0,6
tig00027642 21099 0,0,0,118 0,0,0,136 0,0,2,18 0,0,2,18 0,0,0,20 0,0,0,38 0,0,0,36 0,0,0,20
tig00030049 38035 0,0,0,102 6,0,0,118 1,0,0,15 0,0,0,20 0,0,0,14 0,0,0,32 0,0,0,38 1,0,0,19
tig00058127 5418 0,56,8,0 0,66,14,0 0,6,0,0 0,12,0,0 0,14,0,0 0,30,0,0 0,30,0,0 0,14,0,0
tig00010599 70524 112,0,0,0 118,0,0,0 14,0,0,0 10,0,0,0 6,0,0,0 28,0,0,0 38,2,0,0 18,0,0,0
tig00252290 13532 114,0,0,0 120,0,0,0 15,0,1,0 18,0,0,0 16,0,0,0 38,0,0,0 40,0,0,0 20,0,0,0
tig00253339 7027 114,0,0,0 121,0,0,9 20,0,0,0 20,0,0,0 16,0,0,0 36,0,0,0 38,0,0,0 20,0,0,0
tig00249017 51752 0,0,55,67 0,0,66,72 0,0,13,5 0,0,0,20 0,0,9,11 0,0,8,32 0,0,16,24 0,0,6,14
tig00011653 125710 0,0,0,124 0,0,0,132 1,0,0,19 0,0,0,20 0,0,0,20 0,0,0,40 0,0,0,40 0,0,0,20
tig00035838 11885 9,0,115,0 0,0,140,0 1,0,19,0 1,0,19,0 0,0,20,0 0,0,40,0 0,0,40,0 0,0,20,0
tig00095672 26916 0,122,0,0 0,140,0,0 0,17,1,0 0,18,0,0 0,20,0,0 0,38,0,0 0,36,0,0 0,20,0,0
tig00004446 8615 0,7,37,0 0,18,34,0 0,3,7,0 0,4,12,0 0,5,5,0 0,7,11,0 0,3,19,0 0,2,12,0
tig00246621 8628 0,56,0,0 0,80,0,0 0,15,0,1 0,12,0,0 0,12,0,0 0,24,0,0 0,30,0,0 0,14,0,0
tig00257746 11491 0,0,98,0 0,0,86,0 1,0,17,0 0,0,12,0 0,0,16,0 0,0,32,0 0,0,40,0 0,0,18,0
tig00261568 3311 118,0,0,0 130,0,0,0 18,2,0,0 20,0,0,0 18,0,0,0 40,0,0,0 40,0,0,0 16,0,0,0
tig01928947 126094 120,0,0,0 126,0,0,0 20,0,0,0 18,0,0,0 17,0,3,0 30,0,8,0 37,0,3,0 8,0,12,0
tig00012888 89491 94,0,0,0 90,0,0,0 18,0,0,0 13,0,0,1 16,0,0,0 36,0,0,0 22,0,0,0 16,0,0,0
tig00014053 10822 0,0,46,0 0,0,64,0 0,0,12,0 0,0,18,0 0,0,18,0 0,0,34,0 2,0,22,0 0,0,12,0
tig00073805 15741 0,126,0,0 0,140,0,0 0,20,0,0 1,19,0,0 0,20,0,0 0,40,0,0 0,40,0,0 0,20,0,0
tig00115844 5430 126,0,0,0 136,0,0,0 18,0,0,0 13,0,0,1 20,0,0,0 38,0,0,0 40,0,0,0 20,0,0,0
tig00032664 9624 0,0,106,0 0,0,124,0 0,0,18,0 0,0,18,0 0,0,18,0 0,0,38,0 0,0,36,0 0,1,17,0
tig00089185 10562 0,106,0,8 0,138,0,0 0,20,0,0 0,20,0,0 0,20,0,0 0,40,0,0 0,38,0,0 0,20,0,0
tig00073646 15607 0,112,0,0 0,126,0,0 0,14,0,0 1,17,0,0 0,20,0,0 0,40,0,0 0,40,0,0 0,18,0,0
tig00025136 31172 0,0,0,118 0,0,0,132 2,0,0,16 0,0,0,18 1,0,0,19 0,0,0,38 0,0,0,40 0,0,0,20
tig00029416 19941 0,0,124,0 0,0,138,0 0,0,20,0 1,0,19,0 3,0,15,0 21,0,17,0 0,0,40,0 0,0,20,0
tig00257756 34083 0,124,0,0 0,138,0,0 0,18,0,0 0,19,0,1 0,18,0,0 0,40,0,0 0,40,0,0 0,20,0,0
tig00005573 51960 62,64,0,0 69,71,0,0 9,11,0,0 10,10,0,0 10,10,0,0 19,21,0,0 20,20,0,0 10,10,0,0
tig00024214 82804 116,0,0,0 138,0,0,0 20,0,0,0 20,0,0,0 18,0,0,0 40,0,0,0 36,0,0,0 12,0,2,0
tig00254583 19469 0,16,0,104 0,37,0,101 0,18,0,0 0,5,0,13 0,16,0,4 0,22,0,16 0,40,0,0 0,20,0,0
tig00255993 3807 0,0,0,108 0,0,0,134 1,0,0,17 0,0,0,18 0,0,0,18 0,0,0,36 0,0,0,38 0,0,0,18
tig00052346 20785 0,0,118,0 0,0,136,0 0,1,13,0 0,0,18,0 0,0,18,0 0,0,38,0 0,0,38,0 0,0,18,0
tig00259931 6991 116,0,0,0 134,0,0,0 17,0,0,1 20,0,0,0 20,0,0,0 36,0,0,0 40,0,0,0 20,0,0,0
tig00021469 58785 0,0,122,0 0,0,138,0 1,0,17,0 0,0,20,0 0,0,18,0 0,0,40,0 0,0,40,0 0,0,20,0
tig00023718 30679 0,118,0,0 0,130,0,0 0,17,0,1 0,20,0,0 0,20,0,0 0,38,0,0 0,40,0,0 0,20,0,0
tig00054033 23005 0,0,122,0 0,0,128,0 1,0,17,0 0,0,20,0 0,0,18,0 0,0,36,0 0,0,38,0 0,0,20,0
tig00014300 38973 8,0,86,0 0,0,108,0 1,0,17,0 3,0,13,0 6,0,10,0 8,0,24,0 12,0,22,0 2,0,14,0
tig00079401 18552 0,0,0,72 0,0,0,100 0,0,0,14 0,0,0,16 0,0,0,8 0,0,0,24 0,0,0,16 2,0,0,14
tig00024841 52762 126,0,0,0 138,0,0,0 18,0,0,0 17,0,1,0 20,0,0,0 38,0,0,0 38,0,0,0 18,0,0,0
tig00035731 15982 0,0,0,124 0,0,0,120 0,0,0,20 0,0,0,20 0,0,0,20 0,0,0,38 0,0,0,40 0,1,0,19
tig01932252 6414 0,0,126,0 0,0,140,0 3,0,17,0 0,0,20,0 0,0,20,0 0,0,38,0 0,0,40,0 0,0,20,0
tig00249211 13834 0,0,0,126 0,0,0,138 0,0,0,20 0,0,0,20 1,0,0,19 0,0,0,40 0,0,0,40 0,0,0,20
tig00099593 9173 0,0,114,0 0,0,132,0 0,0,18,0 0,0,19,1 0,0,20,0 0,0,36,0 0,0,40,0 0,0,20,0
tig00002955 140285 78,0,38,0 68,0,60,0 9,0,11,0 16,0,2,0 13,0,5,0 18,0,22,0 40,0,0,0 17,0,1,0
tig00032769 4657 0,0,0,48 0,0,0,72 0,2,0,8 0,0,0,12 0,0,0,10 0,0,0,24 0,0,0,26 0,0,0,14
tig00080712 21433 0,0,124,0 0,0,130,0 0,0,20,0 1,0,19,0 0,0,20,0 0,0,38,0 0,0,38,0 0,0,18,0
tig00025492 6553 0,0,0,116 0,0,0,128 0,0,0,16 0,0,0,20 0,0,0,18 0,0,0,38 0,0,0,38 0,1,0,19
tig00064488 8518 0,124,0,0 0,136,0,0 0,19,0,1 0,20,0,0 0,20,0,0 0,40,0,0 0,40,0,0 0,20,0,0
tig00103984 10531 72,0,0,0 46,0,0,0 6,0,0,0 6,0,0,0 6,0,0,0 6,0,0,0 12,0,0,2 6,0,0,0
tig01938351 21330 0,126,0,0 0,138,0,0 0,20,0,0 0,18,0,0 0,20,0,0 0,40,0,0 0,40,0,0 0,19,1,0
tig00246479 43813 0,0,0,114 0,0,0,134 0,0,0,20 0,0,0,20 1,0,0,17 0,0,0,40 0,0,0,40 0,0,0,18
tig00040077 64162 0,0,0,124 0,0,0,138 0,2,0,18 0,0,0,18 0,0,0,20 0,0,0,40 0,0,0,40 0,0,0,20
tig00053414 12844 94,0,0,0 102,0,0,0 12,0,0,0 18,0,0,0 8,0,0,4 26,0,0,0 28,0,0,0 14,0,0,0
tig00246762 126170 0,0,124,0 0,0,132,0 0,0,20,0 0,0,19,1 0,0,20,0 0,0,40,0 0,0,38,0 0,0,20,0
tig00012840 17842 126,0,0,0 140,0,0,0 19,0,0,1 20,0,0,0 18,0,0,0 40,0,0,0 40,0,0,0 20,0,0,0
tig00076826 4622 0,0,80,0 0,0,78,6 0,0,10,0 0,0,12,0 0,0,6,2 0,0,30,0 0,0,9,3 0,0,12,0
tig00021797 89606 120,0,0,0 134,0,0,0 20,0,0,0 20,0,0,0 18,0,0,2 38,0,0,0 40,0,0,0 20,0,0,0
tig00088235 5794 0,0,0,94 0,0,0,86 0,0,0,16 0,0,0,16 1,0,0,15 0,0,0,28 0,0,0,34 0,0,0,20
tig00002811 47129 0,97,0,17 0,111,0,17 0,18,0,2 0,17,0,3 0,13,0,7 0,19,0,15 0,14,0,24 0,6,0,14
tig00007500 111716 118,0,0,0 134,0,0,0 15,0,0,1 20,0,0,0 18,0,0,0 40,0,0,0 36,0,0,0 20,0,0,0
tig00047269 36008 0,0,100,0 0,0,124,0 2,0,18,0 0,0,20,0 0,0,18,0 0,0,40,0 0,0,32,0 0,0,20,0
tig00076083 13534 0,116,0,0 0,126,0,0 0,20,0,0 0,18,0,0 0,19,1,0 0,38,0,0 0,40,0,0 0,20,0,0
tig00030983 25726 71,0,5,0 78,0,0,0 14,0,0,0 12,0,4,0 20,0,0,0 34,0,0,0 30,0,0,0 12,0,0,0
tig00246514 21077 0,0,108,0 0,0,132,0 0,0,20,0 0,0,19,1 0,0,20,0 0,0,38,0 0,0,40,0 0,0,20,0
tig00040791 24699 44,0,0,78 64,0,0,76 12,0,0,6 0,0,0,20 0,0,0,18 0,0,0,40 10,0,0,30 1,0,0,17
tig00067157 17730 92,0,0,0 94,0,0,0 13,0,1,0 18,0,0,0 16,0,0,0 28,0,0,0 28,0,0,0 10,0,0,0
tig00258084 3516 124,0,0,0 126,0,0,0 18,0,0,0 20,0,0,0 19,0,1,0 36,0,0,0 40,0,0,0 18,0,0,0
tig01929922 12163 0,0,60,0 0,0,62,0 0,0,8,0 0,0,6,0 0,0,12,0 0,0,24,0 2,0,24,0 0,0,18,0
tig00017840 17700 0,0,120,0 0,0,136,0 1,0,19,0 0,0,20,0 0,0,18,0 0,0,40,0 0,0,40,0 0,0,20,0
tig00253958 11253 0,80,0,4 0,90,0,0 0,7,0,3 0,14,0,0 0,4,0,2 0,27,0,5 0,32,0,0 0,16,0,0
tig00248534 74217 0,0,0,120 0,0,0,140 0,0,0,18 0,0,0,18 0,0,0,20 0,0,0,36 0,0,0,40 1,0,0,19
tig00007018 103327 0,0,122,0 0,0,136,0 3,0,17,0 0,0,20,0 0,0,20,0 0,0,38,0 0,0,38,0 0,0,20,0
tig00049293 30117 0,0,54,0 0,0,88,0 2,0,12,0 0,0,20,0 0,0,16,0 0,0,26,0 0,0,34,0 0,0,18,0
tig00003991 71486 0,0,124,0 0,0,140,0 0,0,20,0 0,0,20,0 1,0,19,0 2,0,38,0 0,0,40,0 0,0,20,0
tig00052169 27757 0,0,0,114 0,0,0,130 0,0,0,20 1,0,0,19 0,0,0,20 0,0,0,40 0,0,0,38 0,0,0,18
tig01929235 68210 122,0,0,0 132,0,0,0 17,0,0,1 18,0,0,0 20,0,0,0 40,0,0,0 40,0,0,0 20,0,0,0
tig00056342 21732 0,124,0,0 0,132,0,0 0,20,0,0 0,19,1,0 0,20,0,0 0,40,0,0 0,40,0,0 0,20,0,0
tig00080536 2292 7,117,0,0 0,138,0,0 1,19,0,0 0,20,0,0 0,18,0,0 0,36,0,0 0,38,0,0 0,20,0,0
tig00010421 50118 0,0,0,124 0,0,0,128 0,0,0,18 0,0,0,18 0,0,1,19 0,0,0,38 0,0,0,38 0,0,0,18
tig00109490 14191 89,0,7,0 101,0,5,0 16,0,0,0 9,0,7,0 16,0,0,0 38,0,0,0 38,0,0,0 16,0,0,0
tig01932332 20258 0,0,80,0 0,0,88,0 0,0,16,0 0,0,12,0 0,0,14,0 0,0,32,0 0,2,29,0 0,0,16,0
tig00018677 30032 0,122,0,0 0,127,0,7 0,17,0,3 0,19,0,1 0,10,0,8 0,31,0,7 0,38,0,0 0,20,0,0
tig00100977 9780 0,0,118,0 0,0,134,0 0,0,18,0 5,0,15,0 0,0,20,0 0,0,40,0 0,0,38,0 0,0,20,0
tig00098289 13388 0,118,0,0 0,132,0,0 0,15,0,1 0,18,0,0 0,18,0,0 0,40,0,0 0,36,0,0 0,20,0,0
tig00249674 38673 0,114,0,0 0,130,0,0 0,17,1,0 0,18,0,0 0,18,0,0 0,38,0,0 0,40,0,0 0,20,0,0
tig00256371 7450 0,54,0,0 0,76,0,0 0,16,0,0 0,9,1,0 0,6,0,0 0,28,0,0 0,32,0,0 0,16,0,0
tig00047603 6592 0,0,14,0 0,0,22,0 2,0,6,0 0,0,6,0 0,0,6,0 0,0,14,0 0,0,8,0 0,0,8,0
tig00254430 5050 0,0,27,11 0,0,43,3 0,0,6,0 0,0,9,3 0,0,6,0 0,0,8,0 0,0,14,0 0,0,8,0
tig00259851 4038 0,0,0,98 0,0,0,102 1,0,0,13 0,0,0,18 0,0,0,18 0,0,0,30 0,0,0,26 0,0,0,14
tig01931002 6901 0,0,0,32 0,0,0,28 0,0,0,6 2,0,0,6 0,0,0,8 0,0,0,18 0,0,0,12 0,0,0,8
tig01938543 134928 50,0,0,0 52,0,0,0 12,2,0,0 12,0,0,0 14,0,0,0 20,0,0,0 30,0,0,0 18,0,0,0
tig01940053 4242 0,0,0,106 0,0,0,102 0,0,0,18 0,3,0,11 0,4,0,14 0,4,0,32 0,18,0,14 0,8,0,6
tig00121840 15865 0,0,0,114 0,0,0,126 1,0,0,15 1,0,0,19 0,0,0,20 5,0,0,31 0,0,0,36 0,0,0,18
tig00045646 8031 80,0,0,0 104,0,0,0 19,0,0,1 20,0,0,0 12,0,0,0 36,0,0,0 36,0,0,0 12,0,0,0
tig00246381 42068 0,116,0,0 0,124,0,0 0,20,0,0 0,20,0,0 0,19,1,0 0,38,0,0 0,40,0,0 0,18,0,0
tig00259850 23011 0,38,0,0 0,46,0,0 0,8,0,0 0,14,0,0 0,8,2,0 0,34,0,0 0,22,0,0 0,16,0,0
tig00079144 24615 114,0,0,0 132,0,0,0 20,0,0,0 19,0,1,0 20,0,0,0 40,0,0,0 40,0,0,0 18,0,0,0
tig00039653 9560 0,0,107,15 0,0,104,26 0,0,16,0 0,0,10,10 0,0,20,0 0,0,38,0 0,0,40,0 0,0,20,0
tig00260265 50494 0,53,67,0 0,63,77,0 0,11,9,0 0,7,13,0 0,9,11,0 0,18,22,0 0,18,20,0 0,11,9,0
tig00090654 10999 0,108,16,0 0,106,32,0 0,19,1,0 0,18,0,0 0,20,0,0 0,40,0,0 0,40,0,0 0,20,0,0
tig01935708 9758 0,54,0,0 0,76,0,0 0,16,0,0 0,16,0,0 0,12,0,0 0,32,0,0 13,19,0,0 8,10,0,0
tig00250569 13737 0,33,93,0 0,38,102,0 0,5,15,0 0,7,13,0 0,11,9,0 0,21,19,0 0,9,31,0 0,5,15,0
