COUNTSFILE NPOP 8 NSITES 536
CHROM POS Agrav Grav D01 H01 D03 H02 D04 H05
tig00055595 22983 0,52,0,0 0,80,0,0 0,14,0,0 0,9,1,0 0,10,0,0 0,20,0,0 0,22,0,0 0,12,0,0
tig00067451 19534 124,0,0,0 134,0,0,0 20,0,0,0 20,0,0,0 18,0,2,0 40,0,0,0 32,0,8,0 20,0,0,0
tig00038258 25666 0,86,6,0 0,118,0,0 0,20,0,0 0,18,0,0 0,12,0,0 0,34,0,0 0,28,0,0 0,16,0,0
tig00256657 33482 0,117,7,0 0,140,0,0 0,18,0,0 0,19,1,0 0,20,0,0 0,40,0,0 0,40,0,0 0,19,1,0
tig01928645 29326 0,122,0,0 0,136,0,0 0,14,0,0 0,19,0,1 0,20,0,0 0,38,0,0 0,40,0,0 0,20,0,0
tig00054243 11539 0,95,0,21 0,100,0,24 0,18,0,0 0,20,0,0 0,20,0,0 0,36,0,0 0,38,0,0 0,20,0,0
tig00085389 2155 0,0,106,0 0,0,118,0 0,0,16,0 0,0,18,0 0,0,20,0 0,0,34,0 0,0,38,0 0,1,19,0
tig01938284 13961 0,40,46,0 0,34,60,0 0,8,8,0 0,0,14,0 0,11,5,0 0,29,3,0 0,0,18,0 0,0,10,0
tig00004051 24237 0,0,0,90 0,0,0,100 0,0,0,14 0,0,0,20 0,0,0,14 2,0,0,32 0,0,0,36 0,0,0,14
tig00247449 122975 0,122,0,0 0,138,0,0 0,20,0,0 0,19,0,1 0,20,0,0 0,40,0,0 0,40,0,0 0,20,0,0
tig00246355 32421 16,0,68,0 15,0,73,0 0,0,16,0 3,0,15,0 2,0,10,0 10,0,24,0 3,0,23,0 0,0,14,0
tig00039203 34950 124,0,0,0 136,0,0,0 19,0,1,0 20,0,0,0 20,0,0,0 40,0,0,0 40,0,0,0 20,0,0,0
tig00076716 17991 20,0,80,0 19,0,107,0 1,0,17,0 0,0,16,0 0,0,20,0 3,0,37,0 22,0,16,0 11,0,9,0
tig01938718 41570 0,0,114,0 0,0,128,0 0,0,20,0 1,0,19,0 0,0,20,0 0,0,40,0 0,0,36,0 0,0,18,0
tig00002501 181440 120,0,0,0 126,0,0,0 16,0,0,0 20,0,0,0 16,0,0,0 40,0,0,0 40,0,0,0 19,0,0,1
tig00043574 21953 0,0,124,0 0,0,138,0 0,0,20,0 0,0,20,0 0,0,20,0 0,0,40,0 0,0,40,0 0,1,17,0
tig00047013 33142 0,0,122,0 0,0,134,0 0,0,20,0 0,0,20,0 0,0,20,0 0,0,40,0 0,0,40,0 0,0,19,1
tig00009506 53705 0,77,0,15 0,89,0,21 0,16,0,0 0,6,0,8 0,12,0,0 0,28,0,0 0,38,0,0 0,20,0,0
tig00031894 29790 113,11,0,0 120,18,0,0 12,2,0,0 20,0,0,0 18,0,0,0 40,0,0,0 23,15,0,0 9,11,0,0
tig00125552 24148 27,0,85,0 22,0,96,0 5,0,13,0 7,0,11,0 6,0,12,0 12,0,28,0 8,0,24,0 7,0,13,0
tig00253833 96513 0,20,0,16 0,32,0,18 0,6,0,2 0,8,0,0 0,3,0,3 0,8,0,6 0,12,0,0 0,6,0,0
tig00019342 58228 0,0,116,0 0,0,128,0 0,0,18,0 0,0,20,0 0,0,14,0 0,0,40,0 0,0,36,0 0,1,17,0
tig00256008 50027 106,0,12,0 117,0,13,0 15,0,3,0 20,0,0,0 20,0,0,0 38,0,0,0 40,0,0,0 20,0,0,0
tig00012245 9544 101,0,15,0 110,0,14,0 18,0,0,0 16,0,4,0 20,0,0,0 40,0,0,0 38,0,0,0 18,0,0,0
tig00056486 6197 0,116,0,0 0,132,0,0 0,18,0,0 0,17,1,0 0,18,0,0 0,40,0,0 0,40,0,0 0,20,0,0
tig00264537 15669 11,0,113,0 12,0,122,0 0,0,18,0 0,0,20,0 0,0,20,0 2,0,38,0 11,0,29,0 9,0,11,0
tig01933382 2719 112,0,0,0 114,0,0,0 18,0,0,0 16,0,0,0 16,0,0,0 36,0,0,0 38,0,0,0 15,0,0,1
tig00000793 194339 0,96,0,0 0,128,0,0 0,16,0,0 0,15,1,0 0,12,0,0 0,34,0,0 0,36,0,0 0,20,0,0
tig00013194 25266 114,0,0,0 136,0,0,0 18,0,2,0 18,0,0,0 20,0,0,0 38,0,0,0 40,0,0,0 20,0,0,0
tig00040446 8960 0,122,0,0 0,132,0,0 0,18,2,0 0,20,0,0 0,20,0,0 0,40,0,0 0,40,0,0 0,20,0,0
tig00070726 12668 5,0,83,0 0,0,66,0 0,0,8,0 0,0,14,0 2,0,14,0 0,0,38,0 0,0,36,0 0,0,16,0
tig00007746 10866 0,9,0,115 0,7,0,133 0,2,0,18 0,2,0,16 0,0,0,20 0,0,0,40 0,0,0,40 0,0,0,20
tig01928650 62096 0,124,0,0 0,134,0,0 0,20,0,0 0,18,0,0 0,20,0,0 0,40,0,0 0,40,0,0 1,19,0,0
tig00123196 7648 47,0,71,0 32,0,88,0 14,0,5,0 0,0,18,0 3,0,17,0 0,0,34,0 0,0,38,0 0,0,20,0
tig00032148 26046 49,0,71,0 63,0,73,0 12,0,8,0 9,0,11,0 10,0,10,0 21,0,19,0 20,0,20,0 7,0,13,0
tig00053361 19818 0,76,0,0 0,84,0,0 0,18,0,0 0,14,0,0 0,10,0,0 0,24,0,0 2,12,0,0 0,8,0,0
tig00081450 3939 0,120,0,6 0,120,0,10 0,18,0,2 0,11,0,7 0,16,0,4 0,40,0,0 0,40,0,0 0,18,0,2
tig01929854 16688 0,0,124,0 0,0,138,0 0,0,18,0 0,0,20,0 0,0,20,0 0,0,38,0 0,0,38,0 0,0,19,1
tig00139300 4370 0,0,0,118 0,0,0,130 0,4,0,14 0,0,0,20 0,6,0,14 0,3,0,37 0,0,0,38 0,0,0,18
tig00246756 34002 120,0,0,0 136,0,0,0 20,0,0,0 20,0,0,0 12,0,6,0 40,0,0,0 36,0,0,0 20,0,0,0
tig00050114 13294 0,0,114,0 0,0,104,0 0,0,18,0 0,0,15,1 0,0,20,0 0,0,36,0 0,0,38,0 0,0,20,0
tig00073213 47526 109,0,7,0 134,0,0,0 20,0,0,0 14,0,5,0 20,0,0,0 40,0,0,0 40,0,0,0 20,0,0,0
tig00254079 7218 0,0,0,108 0,0,0,122 0,0,0,16 0,0,0,16 0,1,0,17 0,0,0,30 0,0,0,32 0,0,0,8
tig00028821 15082 120,0,0,0 134,0,0,0 20,0,0,0 18,0,0,0 20,0,0,0 40,0,0,0 40,0,0,0 19,0,0,1
tig00047128 22265 106,0,0,0 126,0,0,0 18,0,0,0 16,0,0,0 20,0,0,0 40,0,0,0 36,0,0,0 17,0,0,1
tig00025200 15263 0,126,0,0 0,134,0,0 0,17,1,0 0,18,0,0 0,20,0,0 0,40,0,0 0,40,0,0 0,20,0,0
tig00111036 3079 0,112,0,0 0,130,0,0 0,20,0,0 0,20,0,0 0,17,1,0 0,38,0,0 0,40,0,0 0,18,0,0
tig00251159 42352 0,120,0,0 0,140,0,0 0,17,0,1 0,20,0,0 0,20,0,0 0,40,0,0 0,40,0,0 0,20,0,0
tig01929675 59784 120,0,0,0 138,0,0,0 19,0,0,1 20,0,0,0 13,0,0,7 38,0,0,0 40,0,0,0 20,0,0,0
tig00075696 26524 0,124,0,0 0,140,0,0 0,18,0,0 0,20,0,0 0,20,0,0 0,40,0,0 5,35,0,0 7,13,0,0
tig00011653 21340 0,0,76,0 0,0,104,0 0,0,10,0 0,0,14,0 0,2,16,0 0,0,34,0 0,0,28,0 0,0,14,0
tig00042038 5790 0,112,0,0 0,132,0,0 0,20,0,0 0,18,0,0 0,20,0,0 0,40,0,0 0,38,0,0 0,19,1,0
tig00010504 37891 0,106,0,0 0,114,0,0 0,16,0,0 0,14,0,0 0,20,0,0 0,30,0,0 0,38,0,0 0,13,0,1
tig00037502 9002 0,0,0,124 0,0,0,138 0,1,0,17 0,0,0,20 0,0,0,18 0,0,0,36 0,0,0,40 0,0,0,20
tig00249980 68885 0,0,0,114 0,0,0,136 0,0,0,20 0,0,0,18 5,0,0,13 0,0,0,36 0,0,0,40 0,0,0,20
tig00250846 19588 126,0,0,0 138,0,0,0 18,0,0,2 20,0,0,0 20,0,0,0 40,0,0,0 40,0,0,0 20,0,0,0
tig01929303 11620 62,0,0,0 76,0,0,0 18,0,0,0 14,0,0,0 11,0,0,1 22,0,0,6 30,0,0,0 12,0,0,0
tig00067666 30571 0,0,0,96 0,0,0,114 0,0,0,14 2,0,0,14 0,0,0,16 0,0,0,32 0,0,0,34 0,0,0,14
tig00060475 21095 0,0,124,0 0,0,138,0 0,0,19,1 0,0,20,0 0,0,20,0 0,0,38,0 0,0,40,0 0,0,20,0
tig00103766 8014 0,0,0,122 0,0,0,136 0,0,0,20 0,0,0,20 1,0,0,19 0,0,0,40 0,0,0,38 0,0,0,18
tig00036741 27424 20,100,0,0 13,113,0,0 4,14,0,0 0,20,0,0 1,19,0,0 0,36,0,0 0,38,0,0 0,20,0,0
tig00039403 19577 0,0,0,124 0,0,0,136 0,0,0,20 0,0,0,20 0,0,0,20 0,0,0,40 0,0,0,40 0,1,0,19
tig00090657 22984 0,108,0,0 0,132,0,0 0,16,0,0 0,20,0,0 0,14,0,5 0,36,0,0 0,40,0,0 0,20,0,0
tig00003582 109636 0,0,84,30 0,0,100,28 0,0,14,6 0,0,15,5 0,0,5,15 0,0,18,22 0,0,10,30 0,0,1,17
tig00041875 8010 0,0,112,0 0,0,132,0 0,0,18,2 0,0,20,0 0,0,20,0 0,0,40,0 0,0,40,0 0,0,20,0
tig01928627 291811 0,0,0,122 0,0,0,132 0,0,0,20 0,11,0,7 0,2,0,18 0,3,0,33 0,0,0,38 0,0,0,20
tig00032576 15482 0,0,118,0 0,0,130,0 0,0,18,0 0,0,16,0 0,0,18,0 0,0,38,0 0,0,38,0 0,1,19,0
tig00082547 3065 0,126,0,0 0,136,0,0 0,19,1,0 0,18,0,0 0,16,0,0 0,38,0,0 0,40,0,0 0,20,0,0
tig00249380 18059 0,0,0,122 0,0,0,132 0,0,0,20 0,0,0,20 0,0,0,20 0,0,0,38 8,0,0,32 2,0,0,18
tig00085151 14572 0,0,116,0 0,0,134,0 0,0,18,0 0,0,18,0 0,0,18,0 0,0,40,0 0,0,40,0 1,0,19,0
tig00251154 25094 0,0,69,39 0,0,77,45 0,0,5,11 0,0,18,2 0,0,11,7 0,0,13,23 0,0,36,4 0,0,20,0
tig00008761 5900 0,120,0,0 0,134,0,0 0,20,0,0 0,19,1,0 0,16,0,0 0,40,0,0 0,40,0,0 0,18,0,0
tig00062681 21544 0,114,0,0 0,126,0,0 0,19,0,1 0,20,0,0 0,20,0,0 0,40,0,0 0,40,0,0 0,20,0,0
tig00056324 54992 110,0,0,0 126,0,0,0 20,0,0,0 15,0,0,1 18,0,0,0 36,0,0,0 40,0,0,0 18,0,0,0
tig01933434 3888 0,120,0,0 0,130,0,0 0,18,0,0 0,19,1,0 0,20,0,0 0,32,0,0 0,38,0,0 0,20,0,0
tig01933433 1719 0,0,0,24 0,0,0,26 0,0,0,8 0,0,0,8 2,0,0,10 0,0,0,18 0,0,0,18 0,0,0,12
tig01939139 28141 82,0,0,0 88,0,0,0 14,0,0,0 12,0,0,0 12,0,0,0 36,0,0,0 25,0,3,0 19,0,1,0
tig00029139 36672 7,0,113,0 12,0,122,0 2,0,16,0 1,0,19,0 0,0,20,0 0,0,38,0 0,0,40,0 0,0,20,0
tig00037664 12196 82,0,0,0 100,0,0,0 12,0,0,0 16,0,0,0 20,0,0,0 32,0,0,0 28,0,0,0 17,0,0,1
tig00017814 46702 0,23,0,99 0,24,0,110 0,2,0,18 0,0,0,20 0,1,0,19 0,0,0,40 0,0,0,40 0,0,0,20
tig00249433 48342 0,114,0,0 0,134,0,0 0,17,1,0 0,20,0,0 0,20,0,0 0,38,0,0 0,40,0,0 0,20,0,0
tig00111085 1986 71,0,0,49 72,0,0,66 10,0,0,8 11,0,0,9 10,0,0,8 22,0,0,18 23,0,0,15 13,0,0,7
tig00005703 60504 0,0,44,76 0,0,47,91 0,0,5,15 0,0,10,10 0,0,9,11 0,0,14,26 0,0,6,34 0,0,1,19
tig00105695 3706 0,124,0,0 0,125,0,9 0,20,0,0 0,20,0,0 0,20,0,0 0,40,0,0 0,40,0,0 0,20,0,0
tig00070045 29047 54,0,66,0 63,0,75,0 11,0,9,0 8,0,12,0 8,0,12,0 17,0,23,0 17,0,23,0 8,0,12,0
tig00001776 67227 0,126,0,0 0,140,0,0 0,20,0,0 0,20,0,0 0,20,0,0 0,40,0,0 0,40,0,0 2,18,0,0
tig00088852 6817 0,0,0,114 0,0,0,126 0,0,0,20 1,0,0,19 0,0,0,20 0,0,0,36 0,0,0,38 0,0,0,18
tig00262471 4264 98,0,0,20 119,0,0,19 20,0,0,0 9,0,0,11 20,0,0,0 38,0,0,0 40,0,0,0 20,0,0,0
tig00249164 97182 120,0,0,0 132,0,0,0 20,0,0,0 20,0,0,0 18,0,0,0 40,0,0,0 40,0,0,0 18,0,0,2
tig00020632 8425 0,0,64,62 0,0,75,61 0,0,9,11 0,0,11,9 0,0,11,9 0,0,24,16 0,0,22,16 0,0,9,11
tig00247671 89384 0,0,126,0 0,0,140,0 0,0,20,0 0,0,20,0 0,0,20,0 0,0,40,0 10,0,30,0 1,0,19,0
tig00013517 13424 0,120,0,0 0,136,0,0 0,17,1,0 0,20,0,0 0,18,0,0 0,38,0,0 0,40,0,0 0,20,0,0
tig00096673 9633 0,0,84,0 0,0,78,0 0,0,6,0 3,0,11,0 0,0,16,0 0,0,22,0 0,0,32,0 0,0,18,0
tig00009195 28420 82,0,0,0 98,0,0,0 8,0,0,0 9,0,0,2 10,0,0,0 16,0,0,0 22,0,0,0 10,0,0,0
tig00027384 19642 12,50,0,0 16,64,0,0 3,15,0,0 5,11,0,0 2,12,0,0 4,18,0,0 4,26,0,0 2,8,0,0
tig00066275 12326 118,0,0,0 130,0,0,0 19,0,1,0 20,0,0,0 18,0,0,0 40,0,0,0 38,0,0,0 20,0,0,0
tig00090013 14413 0,0,0,90 0,0,0,88 3,0,0,7 0,0,0,20 2,0,0,10 21,0,0,11 0,0,0,26 0,0,0,12
tig00095047 15610 0,0,68,0 0,0,76,0 0,0,14,0 0,0,8,0 0,0,12,0 0,2,16,0 0,0,24,0 0,0,10,0
tig00013570 14256 94,0,0,0 104,0,0,0 12,0,0,0 12,0,0,0 16,0,0,0 36,0,0,0 40,0,0,0 15,3,0,0
tig00017035 33705 110,0,0,0 126,0,0,0 17,0,1,0 18,0,0,0 16,0,2,0 40,0,0,0 40,0,0,0 18,0,0,0
tig00036808 10052 122,0,0,0 134,0,0,0 19,0,0,1 20,0,0,0 20,0,0,0 38,0,0,0 40,0,0,0 20,0,0,0
tig00120915 12094 86,0,0,0 112,0,0,0 12,0,0,2 12,0,0,0 16,0,0,0 36,0,0,0 32,0,0,0 20,0,0,0
tig00249218 27024 0,79,0,31 0,73,0,45 0,7,0,3 0,14,0,0 0,14,0,2 0,33,0,3 0,27,0,9 0,15,0,1
tig00015901 71989 48,0,0,0 54,0,0,0 8,0,0,0 14,0,0,2 8,0,0,0 24,0,0,0 24,0,0,0 14,0,0,0
tig00035118 5787 0,114,0,0 0,116,0,0 0,18,0,0 0,20,0,0 0,16,0,0 0,32,0,0 0,33,0,3 0,16,0,0
tig00046082 28985 124,0,0,0 138,0,0,0 19,0,0,1 20,0,0,0 20,0,0,0 38,0,0,0 38,0,0,0 20,0,0,0
tig00048884 22566 124,0,0,0 132,0,0,0 17,0,1,0 20,0,0,0 16,0,0,0 36,0,0,0 38,0,0,0 20,0,0,0
tig00010159 79244 0,0,68,0 0,0,76,0 0,0,9,1 0,0,8,0 0,0,12,0 0,0,24,0 0,0,14,0 0,0,18,0
tig00034646 8938 126,0,0,0 140,0,0,0 20,0,0,0 20,0,0,0 17,0,0,3 40,0,0,0 40,0,0,0 20,0,0,0
tig00012297 77838 0,0,0,126 0,0,0,140 0,0,0,20 0,0,0,20 0,0,0,20 0,0,0,40 3,0,0,37 0,0,0,20
tig00065412 29014 0,6,0,120 0,11,0,129 0,3,0,17 0,0,0,20 0,0,0,20 0,0,0,40 0,0,0,40 0,1,0,19
tig00017503 33016 0,0,0,58 0,0,0,62 0,0,0,12 0,0,0,16 1,0,0,9 0,0,0,24 0,0,0,26 0,0,0,14
tig00047073 21618 0,0,126,0 0,0,140,0 0,0,20,0 0,0,20,0 0,0,20,0 0,0,36,4 0,0,40,0 0,0,20,0
tig00066740 8553 58,0,0,68 60,0,0,80 8,0,0,12 9,0,0,11 8,0,0,12 19,0,0,21 18,0,0,22 10,0,0,10
tig00060234 12206 126,0,0,0 134,0,0,0 18,0,2,0 19,0,1,0 20,0,0,0 40,0,0,0 40,0,0,0 18,0,0,0
tig00099384 3529 0,0,108,0 0,0,126,0 0,0,20,0 0,0,20,0 0,0,18,0 0,0,40,0 0,0,40,0 0,1,19,0
tig00002231 79927 0,0,120,0 0,0,134,0 0,0,20,0 0,0,20,0 0,0,20,0 0,0,38,0 0,0,40,0 0,1,19,0
tig00003316 130250 0,0,126,0 0,0,138,0 0,0,19,1 0,0,18,0 0,0,20,0 0,0,40,0 0,0,40,0 0,0,20,0
tig00245365 11741 0,122,0,0 0,130,0,0 0,20,0,0 0,20,0,0 0,20,0,0 0,40,0,0 2,38,0,0 0,16,0,0
tig00245373 210759 0,0,0,120 0,0,0,128 4,0,0,16 0,0,0,20 0,0,0,18 0,0,0,40 0,0,0,40 0,0,0,20
tig01930277 22851 37,5,0,0 49,15,0,0 12,0,0,0 6,4,0,0 6,0,0,0 20,2,0,0 20,0,0,0 16,0,0,0
tig00248999 21301 0,0,87,39 0,0,100,30 0,0,14,6 0,0,20,0 0,0,18,2 0,0,22,18 0,0,36,4 0,0,12,8
tig00003524 17551 0,0,0,100 0,0,0,96 0,0,0,14 0,1,0,11 0,0,0,16 0,0,0,28 0,0,0,28 0,0,0,16
tig00075109 3061 68,0,0,0 68,0,0,0 16,0,0,0 16,0,0,0 9,0,0,1 30,0,0,0 32,0,0,0 12,0,0,0
tig00025624 38004 18,0,0,104 15,0,0,109 0,0,0,20 0,0,0,20 0,0,0,20 2,0,0,38 0,0,0,36 0,0,0,18
tig00246486 139167 0,0,120,0 0,0,134,0 0,0,18,0 0,1,19,0 0,0,20,0 0,0,38,0 0,0,40,0 0,0,20,0
tig00249925 3704 66,0,28,0 108,0,22,0 14,0,4,0 13,0,1,0 16,0,0,0 35,0,3,0 33,0,3,0 17,0,1,0
tig00008757 23460 0,120,0,0 0,134,0,0 0,20,0,0 0,20,0,0 0,19,1,0 0,40,0,0 0,40,0,0 0,20,0,0
tig00046489 16529 0,0,0,68 0,0,0,82 2,0,0,12 0,0,0,12 0,0,0,12 0,0,0,38 0,0,0,36 0,0,0,16
tig00247952 63576 0,0,122,0 0,0,136,0 0,0,19,1 0,0,20,0 0,0,20,0 0,0,36,0 0,0,40,0 0,0,20,0
tig00248484 101205 0,114,0,0 0,124,0,0 0,20,0,0 0,20,0,0 1,17,0,0 0,36,0,0 0,40,0,0 0,20,0,0
tig00031607 11415 0,0,0,126 0,0,0,140 0,0,0,20 0,0,0,20 0,0,0,20 0,0,0,40 3,0,0,37 0,0,0,20
tig01931902 18357 0,0,0,120 0,0,0,128 0,0,0,16 0,0,0,18 0,0,0,20 0,0,0,38 0,0,2,34 0,0,0,20
tig00148133 8402 110,0,0,0 118,0,0,0 20,0,0,0 20,0,0,0 20,0,0,0 40,0,0,0 40,0,0,0 19,0,0,1
tig00061967 19965 90,0,8,0 105,0,9,0 18,0,0,0 19,0,1,0 20,0,0,0 36,0,0,0 40,0,0,0 20,0,0,0
tig00254103 24225 0,63,63,0 0,73,67,0 0,10,10,0 0,9,11,0 0,11,9,0 0,19,21,0 0,19,21,0 0,10,10,0
tig00050583 12249 124,0,0,0 130,0,0,0 16,0,0,0 20,0,0,0 20,0,0,0 40,0,0,0 35,3,0,0 18,0,0,0
tig00077080 8534 0,11,0,115 0,20,0,120 0,0,0,20 0,1,0,19 0,1,0,19 0,4,0,36 0,6,0,34 0,2,0,18
tig00058443 6146 28,0,0,92 33,0,0,89 0,0,0,18 4,0,0,16 0,0,0,18 0,0,0,40 0,0,0,40 0,0,0,18
tig00022850 1856 0,122,0,0 0,124,0,0 1,17,0,0 0,20,0,0 0,20,0,0 0,38,0,0 0,36,0,0 0,20,0,0
tig00100969 3195 0,0,50,0 0,0,52,0 0,0,16,2 0,0,10,0 0,0,12,0 0,0,34,0 0,0,20,0 0,0,20,0
tig00261663 12354 0,76,0,0 0,70,0,0 0,16,0,0 0,12,0,0 0,12,0,0 0,22,0,0 0,23,0,1 0,16,0,0
tig00000700 25635 15,0,0,109 22,0,0,114 1,0,0,19 1,0,0,19 0,0,0,20 0,0,0,40 0,0,0,40 0,0,0,20
tig01934478 5780 98,0,0,0 116,0,0,0 18,0,0,0 20,0,0,0 16,0,0,0 34,0,0,0 36,0,0,0 19,0,1,0
tig00068127 15781 112,0,0,0 132,0,0,0 11,0,7,0 18,0,0,0 19,0,1,0 36,0,0,0 40,0,0,0 20,0,0,0
tig01932760 8789 0,120,0,6 0,127,0,13 0,20,0,0 0,17,0,3 0,20,0,0 0,34,0,6 0,23,0,17 0,18,0,2
tig00013335 93528 124,0,0,0 138,0,0,0 20,0,0,0 18,0,0,0 20,0,0,0 40,0,0,0 40,0,0,0 19,0,0,1
tig00022180 61511 124,0,0,0 124,0,0,0 19,0,1,0 20,0,0,0 18,0,0,0 40,0,0,0 40,0,0,0 20,0,0,0
tig00050117 3714 108,0,0,0 122,0,0,0 16,0,0,0 18,0,0,0 18,0,0,0 24,0,0,0 40,0,0,0 19,0,0,1
tig00245715 183286 0,102,0,0 0,122,0,0 0,20,0,0 0,18,0,0 0,18,0,0 0,35,0,5 0,30,0,0 0,20,0,0
tig00053414 16760 82,0,0,0 85,0,0,5 6,0,0,0 16,0,0,0 14,0,0,0 22,0,0,0 30,0,0,0 14,0,0,0
tig01938351 18870 30,0,2,0 44,0,0,0 16,0,0,0 14,0,0,0 14,0,0,0 26,0,0,0 20,0,0,0 12,0,2,0
tig00255639 47279 0,0,122,0 0,0,136,0 1,0,17,0 0,0,18,0 0,0,20,0 0,0,38,0 0,0,40,0 0,0,20,0
tig00251991 4444 0,70,0,0 0,70,0,0 0,14,0,0 0,10,0,4 0,10,0,0 0,6,0,0 0,16,0,0 0,6,0,0
tig00014260 82874 0,0,120,0 0,0,128,0 0,0,18,0 0,0,20,0 0,0,20,0 0,0,40,0 5,0,33,0 0,0,20,0
tig00034175 47283 114,0,0,0 130,0,0,0 17,1,0,0 13,1,0,0 18,0,0,0 38,0,0,0 38,0,0,0 20,0,0,0
tig00070442 9961 0,100,0,0 0,114,0,0 0,14,0,0 0,10,0,0 0,12,0,0 0,30,0,0 0,25,0,5 0,12,0,0
tig00088031 18219 0,0,19,95 0,0,18,102 0,0,0,18 0,0,2,16 0,0,0,20 0,0,0,40 0,0,0,40 0,0,0,18
tig00031488 14909 0,0,0,104 0,0,0,128 0,0,0,20 0,1,0,17 0,0,0,18 0,0,0,40 0,0,0,38 0,0,0,18
tig00016743 59247 0,84,0,0 0,104,0,0 0,16,0,0 0,14,0,2 0,18,0,0 0,24,0,0 0,28,0,0 0,10,0,0
tig01931249 33039 0,0,0,122 0,0,0,130 0,0,0,16 0,0,0,20 1,0,0,19 0,0,0,38 0,0,0,40 0,0,0,18
tig01931247 17626 0,0,0,114 0,0,0,136 0,0,0,20 0,0,0,20 0,2,0,18 0,14,0,26 0,0,0,40 0,0,0,20
tig00015877 29838 59,0,67,0 68,0,70,0 10,0,10,0 8,0,12,0 8,0,12,0 20,0,20,0 20,0,20,0 10,0,10,0
tig00257654 58076 0,0,124,0 0,0,136,0 0,0,20,0 0,0,20,0 6,0,14,0 0,0,36,0 0,0,40,0 0,0,20,0
tig00030173 1665 112,0,0,0 134,0,0,0 20,0,0,0 20,0,0,0 18,0,0,0 37,0,3,0 40,0,0,0 18,0,0,0
tig00245924 11018 0,0,0,120 0,0,0,138 0,0,1,19 0,0,0,20 0,0,0,20 0,0,0,40 0,0,0,40 0,0,0,20
tig00033714 9647 126,0,0,0 140,0,0,0 19,0,0,1 20,0,0,0 20,0,0,0 40,0,0,0 40,0,0,0 20,0,0,0
tig00078902 22221 0,86,0,0 0,118,0,0 0,12,0,0 0,18,0,0 0,16,0,0 0,25,5,0 0,28,4,0 0,13,1,0
tig00026097 51195 0,94,0,0 0,106,0,0 1,15,0,0 0,16,0,0 0,18,0,0 0,40,0,0 0,36,0,0 0,14,0,0
tig00003819 20819 0,0,126,0 0,0,136,0 1,0,19,0 0,0,20,0 0,0,18,0 0,0,40,0 0,0,28,0 2,0,6,0
tig00014525 3504 12,0,28,0 15,0,27,0 0,0,6,0 2,0,8,0 3,0,7,0 0,0,10,0 4,0,14,0 4,0,2,0
tig01933532 8203 7,0,107,0 14,0,112,0 0,0,16,0 2,0,12,0 0,0,20,0 0,0,36,0 10,0,22,0 1,0,15,0
tig00073701 18526 122,0,0,0 124,0,0,0 18,2,0,0 20,0,0,0 14,0,0,0 40,0,0,0 40,0,0,0 20,0,0,0
tig00024217 4686 0,0,82,0 16,0,86,0 0,0,18,0 1,0,17,0 5,0,11,0 3,0,33,0 15,0,15,0 2,0,12,0
tig00249230 39229 11,0,81,0 12,0,74,0 6,0,8,0 0,0,10,0 1,0,15,0 8,0,24,0 0,0,32,0 3,0,13,0
tig00245829 93000 0,126,0,0 0,140,0,0 1,19,0,0 0,20,0,0 0,20,0,0 0,40,0,0 0,40,0,0 0,20,0,0
tig00025291 5897 120,0,0,0 126,0,0,0 20,0,0,0 20,0,0,0 14,0,0,6 40,0,0,0 40,0,0,0 20,0,0,0
tig00126986 3664 0,66,0,0 0,64,0,0 0,10,0,0 0,12,0,0 0,14,0,0 0,28,0,0 0,13,0,1 0,14,0,0
tig00054393 5558 0,76,0,0 0,76,0,0 0,16,0,0 0,16,0,0 0,20,0,0 0,35,0,3 0,36,0,0 0,16,0,0
tig00008806 15421 0,0,120,0 0,0,136,0 0,0,18,0 0,0,20,0 0,0,20,0 0,0,40,0 0,0,35,5 0,0,20,0
tig00018600 40606 0,114,0,0 0,124,0,0 0,18,0,0 0,19,1,0 0,20,0,0 0,38,0,0 0,38,0,0 0,20,0,0
tig00100579 15893 0,104,0,16 0,119,0,21 0,15,0,5 0,19,0,1 0,13,0,7 0,27,0,13 0,38,0,0 0,20,0,0
tig00063419 17591 0,116,0,0 0,128,0,0 0,18,0,0 0,20,0,0 0,20,0,0 0,36,0,0 0,28,0,12 0,10,0,10
tig00252036 21106 110,0,0,0 126,0,0,0 20,0,0,0 18,0,0,0 19,1,0,0 40,0,0,0 38,0,0,0 18,0,0,0
tig00061438 19102 0,0,126,0 0,0,140,0 0,0,20,0 0,0,20,0 0,0,20,0 0,0,40,0 0,0,40,0 1,0,19,0
tig00011452 112528 0,90,0,0 0,106,0,0 0,18,0,0 0,16,0,0 0,18,0,0 1,25,0,0 0,30,0,0 0,20,0,0
tig01933643 3632 0,0,86,6 0,0,100,0 0,0,16,0 0,0,18,0 0,0,18,0 0,0,32,0 0,0,40,0 0,0,20,0
tig00250375 44440 0,0,0,96 0,0,0,108 0,0,0,14 0,1,0,11 0,0,0,18 0,0,0,32 0,0,0,26 0,0,0,6
tig00254796 9252 0,63,0,55 0,88,0,52 0,4,0,16 0,14,0,6 0,0,0,20 0,18,0,22 0,6,0,34 0,8,0,12
tig01928650 198342 0,124,0,0 0,138,0,0 0,20,0,0 0,19,1,0 0,18,0,0 0,38,0,0 0,36,0,0 0,20,0,0
tig00250798 110587 76,0,0,0 66,0,0,0 14,0,0,0 6,0,0,0 15,0,1,0 28,0,0,0 28,0,0,0 14,0,0,0
tig00002025 4259 106,0,0,0 108,0,0,0 18,0,0,0 20,0,0,0 19,0,0,1 36,0,0,0 34,0,0,0 10,0,0,0
tig01934465 8061 0,7,91,0 0,7,103,0 0,0,18,0 0,3,15,0 0,0,20,0 0,0,30,0 0,0,18,0 0,0,14,0
tig00013396 67394 0,0,108,0 0,0,128,0 0,0,20,0 0,0,16,0 0,0,20,0 0,0,36,0 0,0,36,0 0,0,19,1
tig00259434 46731 126,0,0,0 140,0,0,0 16,0,2,0 20,0,0,0 20,0,0,0 40,0,0,0 40,0,0,0 20,0,0,0
tig00008790 41508 0,0,126,0 0,0,134,0 0,0,20,0 0,0,20,0 0,0,20,0 0,0,40,0 0,0,38,0 0,1,15,0
tig01936130 4486 0,0,66,0 0,0,62,0 0,0,8,0 0,0,18,0 0,0,8,0 1,0,17,0 0,0,22,0 0,0,12,0
tig00245881 95694 120,0,0,0 124,0,0,0 19,0,0,1 20,0,0,0 20,0,0,0 40,0,0,0 40,0,0,0 20,0,0,0
tig00249397 15180 116,0,0,0 136,0,0,0 18,0,0,0 17,0,0,1 20,0,0,0 40,0,0,0 38,0,0,0 18,0,0,0
tig00119894 4428 46,0,50,0 55,0,55,0 11,0,7,0 9,0,11,0 8,0,10,0 17,0,19,0 17,0,23,0 10,0,10,0
tig00048243 27092 0,0,114,0 0,0,120,0 0,1,17,0 0,0,18,0 0,0,18,0 0,0,38,0 0,0,40,0 0,0,18,0
tig00254626 42497 0,0,124,0 0,0,134,0 0,0,20,0 0,0,20,0 0,0,18,0 0,0,38,0 0,0,38,0 0,0,19,1
tig00020598 64918 112,0,0,0 130,0,0,0 20,0,0,0 20,0,0,0 17,1,0,0 38,0,0,0 40,0,0,0 20,0,0,0
tig00249433 39992 0,122,0,0 0,138,0,0 0,18,0,0 0,18,0,0 0,20,0,0 0,38,0,0 0,40,0,0 0,18,0,2
tig00039254 20994 34,0,0,0 26,0,0,2 12,0,0,0 10,0,0,0 8,0,0,0 20,0,0,0 18,0,0,0 8,0,0,0
tig00017814 39090 116,0,0,0 132,0,0,0 19,1,0,0 20,0,0,0 20,0,0,0 40,0,0,0 38,0,0,0 20,0,0,0
tig00246397 76685 118,0,0,0 130,0,0,0 16,0,0,2 20,0,0,0 18,0,0,0 37,0,0,3 36,0,0,0 20,0,0,0
tig00252884 16139 0,0,0,114 0,0,0,132 0,0,0,18 0,1,0,17 0,0,0,20 0,0,0,38 0,0,0,36 0,0,0,20
tig00051845 38060 101,0,13,0 100,0,26,0 16,0,0,0 15,0,3,0 14,0,0,0 30,0,0,0 32,0,0,0 14,0,0,0
tig00021987 37656 0,0,0,76 0,0,0,86 0,0,0,14 1,0,0,15 0,0,0,16 0,0,0,32 0,0,0,22 0,0,0,10
tig00044357 26418 120,0,0,0 132,0,0,0 18,0,0,0 19,0,1,0 20,0,0,0 38,0,0,0 40,0,0,0 18,0,0,0
tig00055632 15189 0,0,114,0 0,0,134,0 0,0,20,0 0,0,20,0 0,0,20,0 17,0,23,0 0,0,40,0 0,0,20,0
tig00252418 62024 0,21,0,35 0,10,0,40 0,5,0,5 0,0,0,18 0,1,0,15 0,1,0,25 0,2,0,29 0,6,0,2
tig01939229 2851 108,0,0,0 108,0,0,0 16,0,0,0 17,0,1,0 16,0,0,0 31,0,3,0 32,0,0,0 16,0,0,0
tig00021180 34606 104,0,0,0 132,0,0,0 19,0,1,0 20,0,0,0 20,0,0,0 40,0,0,0 38,0,0,0 20,0,0,0
tig00054548 23327 0,0,0,118 0,0,0,136 0,0,0,14 0,0,0,20 0,0,0,20 0,0,0,40 0,0,0,38 1,0,0,19
tig00085728 6615 0,15,0,101 0,18,0,108 0,0,0,18 0,5,0,15 0,0,0,18 0,0,0,38 0,0,0,40 0,0,0,20
tig00031166 23125 44,0,0,0 64,0,0,0 16,0,0,0 12,0,0,0 14,0,0,0 28,0,0,0 18,0,8,0 12,0,2,0
tig00010420 31316 0,0,0,116 0,0,0,136 2,0,0,16 0,0,0,20 0,0,0,20 0,0,0,38 0,0,0,40 0,0,0,20
tig00262054 22785 0,0,126,0 0,0,140,0 0,0,18,0 0,0,20,0 0,0,19,1 0,0,40,0 0,0,38,2 0,0,18,2
tig00246989 71544 41,0,73,0 51,0,83,0 15,0,3,0 3,0,15,0 15,0,1,0 33,0,7,0 40,0,0,0 18,0,0,0
tig00010599 16055 0,0,0,50 0,0,0,34 0,0,0,6 2,0,0,10 0,0,0,14 0,0,0,10 0,0,0,20 0,0,0,8
tig00250996 23193 0,86,0,0 0,76,0,0 0,16,0,0 0,10,0,0 0,14,0,0 0,26,0,0 0,13,0,3 0,4,0,2
tig00010584 54614 0,65,0,53 0,71,0,69 0,16,0,4 0,18,0,2 0,13,0,7 0,22,0,14 0,36,0,0 0,20,0,0
tig00013081 16027 0,0,120,0 0,0,128,0 0,0,20,0 0,0,20,0 0,0,20,0 0,0,40,0 0,0,40,0 1,0,19,0
tig00031078 14973 0,0,0,114 0,0,0,128 2,0,0,18 0,0,0,18 0,0,0,18 0,0,0,40 0,0,0,40 0,0,0,20
tig00261130 36621 8,0,22,0 5,0,55,0 0,0,12,0 7,0,1,0 0,0,14,0 0,0,24,0 2,0,12,0 0,0,10,0
tig01929099 16466 0,0,0,122 0,0,0,134 2,0,0,18 0,0,0,20 0,0,0,18 0,0,0,40 0,0,0,40 0,0,0,20
tig01932475 8061 120,0,0,0 132,0,0,0 18,0,0,0 20,0,0,0 19,1,0,0 36,0,0,0 40,0,0,0 19,1,0,0
tig00015352 17293 0,0,0,102 0,0,0,82 0,0,0,14 0,0,0,12 0,0,0,16 0,0,0,40 1,0,0,23 0,0,0,14
tig00068784 7661 0,66,0,0 0,46,0,0 0,12,0,0 0,9,2,0 0,14,0,0 0,22,0,0 0,36,0,0 0,20,0,0
tig01936323 1734 0,0,0,124 0,0,0,140 0,0,0,20 1,0,0,19 0,0,0,20 0,0,0,40 0,0,0,40 0,0,0,20
tig00014263 57271 0,0,116,0 0,0,136,0 0,0,18,0 0,0,18,0 0,0,19,1 0,0,40,0 0,0,40,0 0,0,20,0
tig00023196 14350 62,0,0,64 71,0,0,69 11,0,0,9 10,0,0,10 9,0,0,11 20,0,0,20 19,0,0,21 10,0,0,10
tig00058533 9899 118,0,0,0 134,0,0,0 18,0,0,0 20,0,0,0 15,0,0,1 40,0,0,0 40,0,0,0 20,0,0,0
tig00260129 14230 98,0,0,0 116,0,0,0 20,0,0,0 14,0,0,0 12,0,0,0 36,0,0,0 32,0,0,0 11,0,0,1
tig01930385 20118 0,0,112,0 0,0,126,0 0,0,20,0 0,1,19,0 0,0,18,0 0,0,38,0 0,0,40,0 0,0,18,0
tig00033361 6690 0,67,0,9 0,87,0,11 0,10,0,0 0,7,0,7 0,12,0,0 0,28,0,0 0,30,0,0 0,14,0,0
tig00257759 2743 0,0,0,48 0,0,0,76 0,0,0,8 0,0,0,12 0,0,0,12 0,0,0,30 9,0,0,7 6,0,0,6
tig00027724 22295 26,0,0,0 30,0,0,0 6,0,0,0 6,0,0,0 14,0,0,0 18,0,0,0 16,0,0,2 6,0,0,2
tig00260133 18764 0,0,116,0 0,0,132,0 0,0,18,0 0,0,20,0 0,0,17,1 0,0,34,0 0,0,32,0 0,0,18,0
tig00055579 42228 0,0,118,0 0,0,130,0 0,1,17,0 0,0,18,0 0,0,20,0 0,0,40,0 0,0,40,0 0,0,20,0
tig00040858 16376 0,73,53,0 0,77,61,0 0,9,11,0 0,10,10,0 0,10,10,0 0,21,19,0 0,23,17,0 0,10,10,0
tig00134010 1131 0,0,0,122 0,0,0,138 0,0,0,20 0,0,0,20 2,0,0,18 0,0,0,38 0,0,0,40 0,0,0,20
tig00008723 42104 0,124,0,0 0,138,0,0 1,19,0,0 0,18,0,0 0,18,0,0 0,40,0,0 0,40,0,0 0,20,0,0
tig00027343 45489 0,122,0,0 0,124,0,0 0,20,0,0 2,18,0,0 0,20,0,0 0,38,0,0 0,40,0,0 0,20,0,0
tig01930615 26274 0,92,0,0 0,120,0,0 0,19,1,0 0,20,0,0 0,20,0,0 0,40,0,0 0,38,0,0 0,18,0,0
tig00253943 20002 0,0,0,124 0,9,0,121 0,0,0,20 0,0,0,20 0,8,0,12 0,15,0,25 0,10,0,30 0,2,0,18
tig01939252 18545 82,0,0,0 82,0,0,0 14,0,2,0 16,0,0,0 16,0,0,0 34,0,0,0 24,0,0,0 14,0,0,0
tig01939253 5205 0,0,3,35 0,0,0,48 0,0,0,8 0,0,0,6 0,0,0,10 0,0,0,26 0,0,0,30 0,0,0,10
tig01928645 173941 0,0,120,0 0,0,132,0 0,0,18,0 0,0,20,0 5,0,15,0 0,0,38,0 0,0,36,0 0,0,20,0
tig00254322 40510 122,0,0,0 126,0,0,0 18,0,2,0 18,0,0,0 20,0,0,0 40,0,0,0 38,0,0,0 18,0,0,0
tig00025216 5336 124,0,0,0 126,0,0,0 18,0,0,0 20,0,0,0 20,0,0,0 36,0,0,0 40,0,0,0 19,0,0,1
tig00254832 14815 0,0,110,0 0,0,120,0 0,1,19,0 0,0,20,0 0,0,20,0 0,0,40,0 0,0,38,0 0,0,20,0
tig00020728 11951 116,0,0,0 130,0,0,0 18,0,0,0 20,0,0,0 18,0,0,0 40,0,0,0 31,7,0,0 18,2,0,0
tig00092974 11730 0,120,0,0 0,130,0,0 0,14,0,0 0,20,0,0 0,20,0,0 5,33,0,0 0,38,0,0 0,20,0,0
tig00046504 7516 0,0,87,31 0,0,113,21 0,0,20,0 0,0,14,6 0,0,20,0 0,0,40,0 0,0,40,0 0,0,17,1
tig00053874 6103 63,0,53,0 58,0,66,0 12,0,8,0 3,0,17,0 13,0,5,0 31,0,5,0 20,0,18,0 13,0,7,0
tig00046406 10392 0,0,120,0 0,0,138,0 1,0,17,0 0,0,20,0 0,0,20,0 0,0,40,0 0,0,40,0 0,0,20,0
tig00252025 44579 122,0,0,0 138,0,0,0 19,0,1,0 20,0,0,0 20,0,0,0 36,0,0,0 40,0,0,0 20,0,0,0
tig00003092 10889 7,0,113,0 0,0,122,0 0,0,16,0 2,0,18,0 0,0,16,0 0,0,34,0 0,0,36,0 0,0,20,0
tig00006365 26602 0,34,0,0 0,44,0,0 0,10,0,0 0,6,0,0 0,12,0,0 0,26,0,0 0,21,0,3 0,13,0,1
tig00011385 61563 0,124,0,0 0,136,0,0 0,20,0,0 0,18,0,0 0,19,1,0 0,40,0,0 0,38,0,0 0,20,0,0
tig00088862 20522 0,0,126,0 0,0,132,0 2,0,18,0 0,0,20,0 0,0,18,0 0,0,38,0 0,0,38,0 0,0,20,0
tig00106914 7529 0,0,0,66 0,0,0,82 0,0,0,10 0,0,0,16 1,0,0,17 0,0,0,22 0,0,0,20 0,0,0,6
tig01930276 5435 0,0,51,5 0,0,56,6 0,0,7,1 0,0,9,5 0,0,10,0 0,0,20,4 0,0,20,0 0,0,12,2
tig00100702 7796 0,112,0,0 0,112,0,0 0,18,0,0 0,20,0,0 0,16,0,0 0,34,0,0 0,22,0,14 0,18,0,0
tig00261553 20993 0,102,0,0 0,110,0,0 0,20,0,0 0,18,0,0 0,14,0,4 0,33,0,3 0,35,0,3 0,20,0,0
tig00250726 24895 118,0,0,0 128,0,0,0 20,0,0,0 16,0,0,0 20,0,0,0 40,0,0,0 40,0,0,0 19,0,0,1
tig01930657 6388 0,94,0,0 0,110,0,0 0,15,1,0 0,16,0,0 0,16,0,0 0,28,0,0 0,36,0,0 0,16,0,0
tig00098859 10351 0,0,0,70 0,0,0,86 0,0,0,18 0,0,0,16 0,0,0,12 0,0,0,30 19,0,0,19 0,0,0,12
tig00248349 18195 120,0,0,0 126,0,0,0 15,0,0,1 18,0,0,0 18,0,0,0 34,0,0,0 38,0,0,0 18,0,0,0
tig00247392 51728 59,0,67,0 70,0,70,0 8,0,12,0 9,0,11,0 10,0,10,0 20,0,20,0 20,0,20,0 10,0,10,0
tig00063194 5893 0,78,38,0 0,87,39,0 0,8,10,0 0,17,3,0 0,17,3,0 0,25,13,0 0,40,0,0 0,16,4,0
tig00069434 12823 0,112,0,0 0,132,0,0 0,20,0,0 0,18,0,0 0,20,0,0 0,36,0,0 0,38,0,0 0,17,1,0
tig01928635 26480 0,116,0,0 0,136,0,0 0,18,0,0 0,18,0,2 0,18,0,0 0,38,0,0 0,36,0,2 0,20,0,0
tig00069920 5848 0,87,0,37 0,94,0,46 0,11,0,9 0,11,0,9 0,11,0,9 0,22,0,18 0,22,0,18 0,11,0,9
tig01940109 9404 88,0,0,0 114,0,0,0 17,0,1,0 14,0,0,0 18,0,0,0 24,0,0,0 26,0,0,0 18,0,0,0
tig00255162 47829 0,114,0,0 0,130,0,0 0,20,0,0 0,14,0,0 0,20,0,0 0,36,0,2 0,40,0,0 0,20,0,0
tig00035004 8236 116,0,0,0 132,0,0,0 16,0,0,0 20,0,0,0 16,2,0,0 40,0,0,0 40,0,0,0 20,0,0,0
tig00016857 80840 0,118,0,0 0,136,0,0 0,19,1,0 0,20,0,0 0,18,0,0 0,40,0,0 0,40,0,0 0,20,0,0
tig00245832 101746 36,0,72,0 54,0,74,0 1,0,17,0 6,0,14,0 0,0,20,0 12,0,28,0 0,0,36,0 0,0,20,0
tig00027996 31650 0,0,126,0 0,0,138,0 0,0,20,0 0,0,20,0 0,1,19,0 0,0,40,0 0,0,40,0 0,0,20,0
tig00249428 33455 108,0,0,0 122,0,0,0 20,0,0,0 20,0,0,0 19,0,1,0 38,0,0,0 38,0,0,0 18,0,0,0
tig00256457 22782 122,0,0,0 136,0,0,0 20,0,0,0 20,0,0,0 20,0,0,0 40,0,0,0 38,0,2,0 20,0,0,0
tig00252518 11816 0,0,0,22 0,0,0,38 0,0,0,10 0,0,0,6 0,0,0,6 0,0,0,12 0,2,0,10 0,0,0,8
tig01933177 6043 0,17,0,21 0,29,0,15 0,6,0,0 0,5,0,9 0,12,0,0 0,30,0,0 0,32,0,0 0,14,0,0
tig00039066 14910 0,88,0,0 0,92,0,0 0,12,0,0 0,12,2,0 0,14,0,0 0,38,0,0 0,26,0,0 0,16,0,0
tig00079445 3901 108,0,0,0 118,0,0,0 16,0,0,0 18,0,0,0 16,0,0,0 36,0,0,0 36,0,0,2 18,0,0,0
tig00259325 18689 116,0,0,0 122,0,0,0 18,0,0,0 15,0,0,1 20,0,0,0 38,0,0,0 40,0,0,0 18,0,0,0
tig01930126 13460 58,0,68,0 63,0,77,0 10,0,10,0 8,0,12,0 9,0,11,0 20,0,20,0 22,0,16,0 14,0,6,0
tig00247316 61223 0,122,0,0 0,134,0,0 0,18,0,0 0,20,0,0 0,16,0,0 0,36,0,0 0,23,0,7 0,17,0,1
tig00252540 32117 0,32,0,0 0,42,0,0 0,8,0,0 0,6,0,0 0,8,0,0 0,6,0,0 0,14,0,0 0,7,1,0
tig00076366 7596 0,118,0,0 0,132,0,0 0,19,1,0 0,20,0,0 0,20,0,0 0,38,0,0 0,40,0,0 0,20,0,0
tig01940258 21133 0,118,0,0 0,130,0,0 1,17,0,0 0,20,0,0 0,16,0,0 0,38,0,0 0,38,0,0 0,18,0,0
tig00067009 1527 0,0,0,40 0,0,0,32 0,0,0,10 6,0,0,6 0,0,0,12 0,0,0,28 0,0,0,32 0,0,0,12
tig00086428 16999 109,0,15,0 121,0,11,0 13,0,5,0 15,0,3,0 18,0,0,0 40,0,0,0 40,0,0,0 20,0,0,0
tig00090618 11268 0,0,0,106 0,0,0,104 1,0,0,7 0,0,0,20 0,0,0,14 0,0,0,22 0,0,0,38 0,0,0,14
tig00012051 26089 33,0,0,89 34,0,0,102 0,0,0,20 2,0,0,18 1,0,0,19 14,0,0,26 9,0,0,31 1,0,0,19
tig00054278 10553 0,0,0,72 0,0,0,80 0,0,0,14 0,2,0,6 0,0,0,8 0,0,0,22 0,0,0,10 0,0,0,12
tig01929200 35484 0,0,122,0 0,0,132,0 0,0,20,0 2,0,16,0 0,0,20,0 0,0,38,0 0,0,38,0 3,0,17,0
tig00090994 9807 106,0,0,0 116,0,0,0 14,0,0,0 16,0,0,0 6,0,0,0 20,0,0,0 36,0,0,0 15,0,3,0
tig01929813 47741 0,0,0,112 0,0,0,126 0,0,0,16 0,0,0,20 0,0,0,20 0,4,0,36 0,11,0,27 0,11,0,9
tig00079695 5644 0,0,0,116 0,0,0,134 0,0,0,20 1,0,0,19 0,0,0,20 0,0,0,40 0,0,0,40 0,0,0,20
tig00262780 31079 0,0,0,112 0,0,0,122 0,0,0,18 0,0,0,18 0,0,0,20 0,0,0,36 0,7,0,25 0,0,0,18
tig00052264 9681 108,0,0,0 108,0,0,0 14,0,0,0 20,0,0,0 16,0,0,0 29,0,0,2 24,0,0,0 14,0,0,0
tig01929675 72181 0,120,0,0 0,132,0,0 0,20,0,0 0,20,0,0 0,17,1,0 0,40,0,0 0,40,0,0 0,18,0,0
tig01931036 20668 0,112,0,0 0,126,0,0 0,18,0,0 0,16,0,0 0,20,0,0 0,38,0,0 0,40,0,0 0,19,1,0
tig01933380 5781 120,0,0,0 138,0,0,0 19,0,0,1 18,0,0,0 20,0,0,0 38,0,0,0 40,0,0,0 18,0,0,0
tig00048081 20115 0,0,106,0 0,0,122,0 0,1,17,0 0,0,16,0 0,0,18,0 0,0,36,0 0,0,36,0 0,0,18,0
tig00252332 41013 0,126,0,0 0,134,0,0 0,18,0,0 0,18,0,0 0,19,1,0 0,38,0,0 0,40,0,0 0,20,0,0
tig00060784 22749 0,0,116,0 0,0,134,0 1,0,19,0 0,0,20,0 0,0,18,0 0,0,40,0 0,0,40,0 0,0,20,0
tig00001605 32420 0,0,0,126 0,0,0,140 0,0,0,20 0,0,0,20 0,0,0,20 0,0,0,40 10,0,0,30 9,0,0,11
tig00087849 18530 94,0,8,0 96,0,18,0 14,0,2,0 16,0,0,0 18,0,0,0 36,0,0,0 34,0,0,0 20,0,0,0
tig00027890 21385 26,0,98,0 12,0,126,0 7,0,11,0 4,0,14,0 0,0,20,0 3,0,37,0 7,0,31,0 1,0,19,0
tig00247531 16541 0,0,124,0 0,0,128,0 0,0,18,0 0,0,19,1 0,0,18,0 0,0,38,0 0,0,40,0 0,0,18,0
tig00105346 13865 0,0,0,124 0,0,0,138 0,0,0,20 0,0,0,20 0,0,0,20 0,0,0,40 10,0,0,30 3,0,0,17
tig00251731 36022 0,118,8,0 0,129,11,0 0,20,0,0 0,20,0,0 0,20,0,0 0,40,0,0 0,40,0,0 0,20,0,0
tig00007969 7400 92,0,0,34 105,0,0,35 12,0,0,8 15,0,0,5 12,0,0,8 24,0,0,16 19,0,0,21 12,0,0,8
tig00107663 10421 110,0,0,0 120,0,0,0 12,0,0,0 17,0,0,1 8,0,0,0 24,0,0,0 32,0,0,0 16,0,0,0
tig00111377 5194 0,71,55,0 0,78,62,0 0,12,8,0 0,12,8,0 0,13,7,0 0,23,17,0 0,28,12,0 0,11,9,0
tig01933502 23534 60,0,0,0 60,0,0,0 12,0,0,0 12,0,0,0 14,0,0,0 24,0,0,0 22,0,0,0 9,1,0,0
tig00075811 11881 0,0,126,0 0,0,140,0 1,0,19,0 0,0,20,0 0,0,20,0 0,0,40,0 0,0,40,0 0,0,20,0
tig00096728 7687 86,0,0,0 94,0,0,0 14,0,0,0 16,0,0,0 18,0,0,0 23,0,0,1 32,0,0,0 14,0,0,0
tig01929144 15118 0,0,0,112 0,0,0,122 0,1,0,19 0,0,0,20 0,0,0,20 0,0,0,34 0,0,0,32 0,0,0,18
tig01932826 39400 0,0,86,0 0,0,100,0 0,0,14,0 0,0,16,0 0,0,18,0 0,0,34,0 2,0,26,0 0,0,6,0
tig00050153 15577 84,0,0,24 100,0,0,30 13,0,0,7 16,0,0,4 16,0,0,4 32,0,0,8 28,0,0,12 13,0,0,7
tig00059996 4600 108,0,0,0 104,0,0,0 10,0,0,0 20,0,0,0 19,0,1,0 32,0,0,0 16,0,0,0 6,0,0,0
tig00060722 11681 0,0,0,74 0,0,0,72 0,0,0,14 0,1,0,11 0,0,0,18 0,0,0,28 0,0,0,40 0,0,0,20
tig00032529 19832 0,0,35,87 0,0,56,74 0,0,11,9 0,0,6,14 0,0,13,7 0,0,30,8 0,0,23,17 0,0,12,8
tig00010874 15797 0,0,124,0 0,0,132,0 0,0,20,0 0,0,20,0 0,0,18,0 0,0,28,8 0,0,36,4 0,0,12,8
tig00032301 38941 0,110,6,0 0,118,8,0 0,18,0,0 0,20,0,0 0,20,0,0 0,40,0,0 0,40,0,0 0,20,0,0
tig00016360 9311 0,0,0,122 0,0,0,138 0,1,0,19 0,0,0,20 0,0,0,20 0,0,0,40 0,0,0,40 0,0,0,20
tig00030365 7270 0,0,0,74 0,0,0,100 0,0,0,6 0,0,0,8 0,0,0,8 0,0,0,22 0,0,0,18 0,0,1,15
tig00256317 41503 0,120,0,0 0,122,0,0 0,18,0,0 0,19,0,1 0,20,0,0 0,32,0,0 0,40,0,0 0,20,0,0
tig00260240 94 0,0,0,122 0,0,0,132 0,0,0,20 0,0,0,20 0,0,1,19 0,0,0,38 0,0,0,40 0,0,0,20
tig00085346 8170 0,124,0,0 0,134,0,0 0,17,0,1 0,16,0,0 0,18,0,0 0,36,0,0 0,36,0,0 0,20,0,0
tig00027337 7440 0,88,0,0 0,92,0,6 0,14,0,0 0,14,0,0 0,14,0,0 0,22,0,0 0,32,0,0 0,9,0,3
tig00011323 21752 0,0,0,116 0,0,8,122 0,0,0,16 0,0,0,16 0,0,0,20 0,0,0,36 0,0,0,40 0,0,0,18
tig00246043 38501 120,0,0,0 138,0,0,0 20,0,0,0 20,0,0,0 20,0,0,0 38,0,0,0 40,0,0,0 19,1,0,0
tig00085268 20015 124,0,0,0 131,0,0,7 20,0,0,0 20,0,0,0 18,0,0,2 40,0,0,0 37,0,0,3 20,0,0,0
tig00252723 12389 14,112,0,0 11,129,0,0 0,20,0,0 7,13,0,0 0,20,0,0 0,40,0,0 0,40,0,0 0,20,0,0
tig00036402 16536 5,0,41,0 5,0,27,0 0,0,12,0 0,0,6,0 0,0,12,0 0,0,18,0 0,0,24,0 0,0,14,0
tig00251650 63798 108,0,0,0 134,0,0,0 18,0,2,0 20,0,0,0 18,0,0,0 40,0,0,0 36,0,0,0 20,0,0,0
tig00080993 7834 108,0,0,0 102,0,0,0 18,0,0,0 19,0,0,1 12,0,0,6 18,0,0,16 28,0,0,0 16,0,0,0
tig00010636 57339 0,0,116,0 0,0,132,0 0,0,20,0 0,0,20,0 0,0,16,0 0,0,38,0 0,0,36,0 0,0,16,2
tig00114775 2592 7,0,105,0 16,0,120,0 2,0,18,0 2,0,18,0 0,0,20,0 3,0,37,0 3,0,37,0 0,0,20,0
tig00246175 78180 107,0,0,17 132,0,0,0 20,0,0,0 20,0,0,0 20,0,0,0 36,0,0,4 38,0,0,2 20,0,0,0
tig00251971 12213 120,0,0,0 132,0,0,0 17,0,0,1 20,0,0,0 20,0,0,0 40,0,0,0 36,0,0,0 6,0,0,0
tig00261128 26325 100,0,16,0 117,0,9,0 19,0,1,0 17,0,1,0 14,0,4,0 31,0,3,0 14,0,12,0 8,0,0,0
tig01931055 44753 24,0,0,102 25,0,0,109 6,0,0,12 7,0,0,13 9,0,0,11 14,0,0,26 13,0,0,27 7,0,0,13
tig00054076 3093 0,77,0,31 0,92,0,36 0,12,0,2 0,20,0,0 0,14,0,4 0,30,0,4 0,40,0,0 0,19,0,1
tig00058681 33355 0,0,116,0 0,0,132,0 1,0,19,0 0,0,16,0 0,0,20,0 0,0,36,0 0,0,38,0 0,0,20,0
tig00075044 7065 0,0,108,0 0,0,120,0 0,0,18,0 0,0,18,0 0,0,16,0 6,0,26,0 4,0,30,0 7,0,9,0
tig00084319 8876 0,0,0,86 0,0,0,94 0,0,0,8 0,0,0,16 1,0,0,17 0,0,0,38 0,0,0,38 0,0,0,18
tig00118990 8862 0,0,124,0 0,0,140,0 0,0,19,1 0,0,20,0 0,0,20,0 0,0,40,0 0,0,38,0 0,0,20,0
tig00251648 24232 0,0,126,0 0,0,140,0 0,0,18,0 0,0,14,0 0,0,20,0 0,0,38,0 0,0,34,0 9,0,11,0
tig01929192 25364 0,0,0,112 0,0,0,134 1,0,0,17 0,0,0,20 0,0,0,20 0,0,0,40 0,0,0,38 0,0,0,16
tig00087020 8558 0,126,0,0 0,138,0,0 0,20,0,0 0,20,0,0 0,20,0,0 0,34,6,0 0,40,0,0 0,20,0,0
tig00087020 15159 0,0,124,0 0,0,136,0 0,0,19,1 0,0,20,0 0,0,20,0 0,0,40,0 0,0,40,0 0,0,17,1
tig00075681 12209 0,0,0,126 0,0,0,140 0,0,0,20 0,0,0,20 0,0,0,20 0,0,0,40 0,0,0,40 3,0,0,17
tig00251110 94665 0,0,124,0 0,0,128,0 0,0,16,0 0,0,18,2 0,0,20,0 0,0,38,0 0,0,40,0 0,0,16,0
tig00257399 16237 0,0,0,92 0,0,0,108 0,0,0,20 0,0,0,20 0,0,0,20 0,0,0,40 0,0,0,38 1,0,0,13
tig00019540 8108 62,0,48,0 61,0,59,0 10,0,8,0 14,0,4,0 1,0,19,0 31,0,9,0 34,0,6,0 18,0,0,0
tig01937358 7587 84,0,0,0 90,0,0,0 10,0,0,0 16,0,0,0 17,0,1,0 38,0,0,0 36,0,0,0 17,0,1,0
tig00062651 12947 0,0,116,0 0,0,134,0 2,0,18,0 0,0,20,0 0,0,20,0 0,0,38,0 0,0,36,0 0,0,14,0
tig00103360 1659 0,104,0,0 0,122,0,0 0,20,0,0 0,14,0,0 0,19,1,0 0,38,0,0 0,40,0,0 0,20,0,0
tig01936276 3580 74,0,0,0 78,0,0,0 18,0,0,0 10,0,0,0 16,0,2,0 28,0,0,0 34,0,0,0 12,0,0,0
tig00047616 35921 0,122,0,0 0,134,0,0 0,19,1,0 0,20,0,0 0,20,0,0 0,36,0,0 0,40,0,0 0,20,0,0
tig00135635 13805 0,106,0,0 0,118,0,0 0,18,0,0 0,18,0,0 0,18,0,0 0,32,0,0 0,26,0,4 0,18,0,0
tig01933688 11340 0,0,126,0 0,0,140,0 0,0,20,0 0,0,20,0 1,0,19,0 0,0,40,0 0,0,40,0 0,0,20,0
tig00001646 24731 126,0,0,0 140,0,0,0 19,0,0,1 20,0,0,0 20,0,0,0 40,0,0,0 40,0,0,0 20,0,0,0
tig00002998 3562 0,59,67,0 0,60,80,0 0,9,11,0 0,10,10,0 0,9,11,0 0,20,20,0 0,18,22,0 0,10,10,0
tig00043489 28245 0,0,108,0 0,0,128,0 0,0,16,0 0,1,19,0 0,0,20,0 0,0,38,0 0,0,40,0 0,0,20,0
tig00246351 77732 0,118,0,0 0,134,0,0 0,14,0,2 0,18,0,0 0,18,0,0 0,36,0,0 0,38,0,0 0,20,0,0
tig00260636 6575 7,0,113,0 0,0,138,0 0,0,18,0 0,0,20,0 1,0,19,0 0,0,40,0 0,0,36,0 0,0,20,0
tig00018693 15755 0,106,0,0 0,120,0,0 0,20,0,0 0,14,0,0 0,20,0,0 0,38,0,0 0,31,0,3 0,20,0,0
tig00263734 5977 0,0,126,0 0,0,140,0 0,0,20,0 1,0,19,0 0,0,20,0 0,0,38,0 0,0,38,0 0,0,18,0
tig00103489 9149 116,0,0,0 130,0,0,0 12,0,2,0 16,0,0,0 18,0,0,0 24,0,0,0 30,0,0,0 20,0,0,0
tig00105768 9406 126,0,0,0 140,0,0,0 20,0,0,0 19,0,0,1 20,0,0,0 40,0,0,0 40,0,0,0 20,0,0,0
tig00246749 35998 0,124,0,0 0,138,0,0 1,19,0,0 0,18,0,0 0,20,0,0 0,40,0,0 0,40,0,0 0,18,0,0
tig01932939 40887 0,0,0,92 0,0,0,92 0,0,0,16 0,0,0,14 0,0,0,16 0,0,0,32 0,2,0,26 0,0,0,14
tig00041284 18432 0,0,0,92 0,0,0,94 0,0,0,18 0,0,0,18 0,0,0,8 0,0,0,26 0,0,0,28 1,0,0,15
tig00024889 18960 0,0,118,0 0,0,128,0 0,0,16,0 1,0,19,0 0,0,18,0 0,0,38,0 0,0,38,0 0,0,20,0
tig00026009 50140 0,122,0,0 0,124,0,0 0,17,1,0 0,20,0,0 0,20,0,0 0,38,0,0 0,40,0,0 0,18,0,0
tig00257483 38734 0,124,0,0 0,138,0,0 1,19,0,0 0,20,0,0 0,20,0,0 2,38,0,0 0,40,0,0 0,20,0,0
tig00247165 63608 0,0,114,0 0,0,130,0 0,0,19,1 0,0,20,0 0,0,20,0 0,0,38,0 0,0,40,0 0,0,18,0
tig00009800 30617 19,55,0,0 24,50,0,0 8,4,0,0 5,3,0,0 0,14,0,0 9,13,0,0 11,19,0,0 3,11,0,0
tig00017207 20797 0,0,98,0 0,0,112,0 0,0,14,0 0,0,12,0 0,0,18,0 0,0,36,0 0,0,36,0 0,2,16,0
tig01938314 59393 0,84,0,0 0,92,0,0 0,16,0,0 0,12,0,0 0,12,0,0 0,26,0,0 0,23,0,7 0,10,0,10
tig00013032 19290 112,0,0,0 138,0,0,0 18,0,2,0 18,0,0,0 18,0,0,0 40,0,0,0 36,0,0,0 20,0,0,0
tig00059976 18150 0,122,0,0 0,138,0,0 1,19,0,0 0,20,0,0 0,20,0,0 0,40,0,0 0,38,0,0 0,20,0,0
tig00255259 909 102,22,0,0 115,19,0,0 17,3,0,0 16,4,0,0 15,3,0,0 30,6,0,0 31,9,0,0 20,0,0,0
tig00099210 2975 0,124,0,0 0,138,0,0 0,20,0,0 0,20,0,0 0,20,0,0 0,40,0,0 0,40,0,0 1,19,0,0
tig00257049 51747 0,0,0,120 0,0,0,136 0,1,0,17 0,0,0,20 0,0,0,20 0,0,0,38 0,0,0,38 0,0,0,20
tig00007630 28812 0,0,126,0 0,0,140,0 0,0,20,0 0,0,20,0 0,1,19,0 0,0,40,0 0,0,40,0 0,0,20,0
tig00000308 109482 20,0,0,90 31,0,0,92 0,0,0,18 0,0,0,12 0,0,0,20 0,0,0,36 0,0,0,40 0,0,0,20
tig00024261 31178 0,110,0,0 0,116,0,0 0,16,0,0 0,16,0,0 0,19,0,1 0,38,0,0 0,36,0,0 0,18,0,0
tig00071255 12966 0,110,0,0 0,124,0,0 0,12,0,0 0,12,0,0 0,16,0,0 0,19,1,0 0,26,0,0 0,18,0,0
tig00251484 72357 0,0,0,118 0,0,0,130 1,0,0,19 0,0,0,20 0,0,0,20 0,0,0,38 0,0,0,40 0,0,0,20
tig00013352 29467 0,0,0,88 0,0,0,106 0,0,0,20 0,0,0,18 0,1,0,17 0,0,0,32 0,0,0,38 0,0,0,16
tig00124850 30921 13,0,0,109 20,0,0,120 1,0,0,19 1,0,0,19 0,0,0,20 0,0,0,40 0,0,0,40 5,0,0,15
tig00042312 2515 0,0,42,0 0,0,44,0 0,0,8,0 0,0,10,0 0,0,14,2 0,0,18,0 0,0,18,0 0,0,12,0
tig00008220 27205 0,118,0,0 0,122,0,0 0,16,0,0 0,20,0,0 0,18,0,0 0,38,0,0 0,38,0,0 0,15,0,1
tig01930488 12780 0,0,0,122 0,0,0,130 2,0,0,18 0,0,0,20 0,0,0,20 0,0,0,36 0,0,0,34 0,0,0,16
tig00038675 12460 0,0,126,0 0,0,140,0 0,0,20,0 0,0,20,0 0,0,20,0 0,0,40,0 0,0,36,2 0,0,19,1
tig01938171 9438 25,0,79,0 25,0,105,0 5,0,13,0 0,0,20,0 12,0,8,0 0,0,34,0 2,0,36,0 0,0,18,0
tig00120255 17126 8,108,0,0 7,109,0,0 1,15,0,0 0,18,0,0 3,17,0,0 11,27,0,0 0,38,0,0 0,20,0,0
tig00246249 36057 66,60,0,0 71,69,0,0 11,9,0,0 10,10,0,0 10,10,0,0 20,20,0,0 20,20,0,0 10,10,0,0
tig00252201 12455 0,0,102,0 0,0,110,0 0,0,18,0 0,0,16,0 0,0,16,0 0,0,34,0 3,0,37,0 1,0,17,0
tig00088913 6138 0,51,0,63 0,40,0,88 0,4,0,14 0,15,0,5 0,0,0,18 0,0,0,38 0,0,0,36 0,0,0,20
tig00263635 10425 50,0,0,0 66,0,0,0 13,0,1,0 6,0,0,0 12,0,0,0 34,0,0,0 32,0,0,0 14,0,0,0
tig00250184 78851 0,104,0,0 0,122,0,0 0,20,0,0 0,16,0,0 0,20,0,0 0,40,0,0 0,32,0,0 0,17,0,1
tig00254805 18619 11,0,0,21 16,0,0,52 4,0,0,4 0,0,0,12 3,0,0,9 0,0,0,18 0,0,0,20 2,0,0,8
tig01930618 20128 105,7,0,0 118,0,0,0 13,1,0,0 16,2,0,0 16,0,0,0 32,0,0,0 28,0,0,0 15,3,0,0
tig00246173 52753 0,0,0,124 0,0,0,138 0,0,0,20 0,0,0,20 0,0,0,20 0,0,0,36 0,2,0,38 0,1,0,19
tig00122866 3586 0,0,79,45 0,0,83,53 0,0,15,5 0,0,11,9 0,0,19,1 0,0,26,12 0,0,30,10 0,0,10,8
tig00246173 87120 20,0,104,0 18,0,112,0 0,0,18,0 12,0,8,0 4,0,16,0 18,0,22,0 4,0,36,0 0,0,20,0
tig00040623 26241 0,124,0,0 0,138,0,0 0,18,0,0 0,19,0,1 0,16,0,0 0,34,0,6 0,40,0,0 0,20,0,0
tig00259201 15718 0,87,0,37 0,91,0,45 0,13,0,7 0,16,0,4 0,13,0,7 0,24,0,16 0,32,0,8 0,15,0,5
tig00255047 29179 98,0,0,0 110,0,0,0 14,0,0,0 20,0,0,0 18,0,0,0 30,0,0,0 38,0,0,0 17,0,0,1
tig00037744 13340 0,0,122,0 0,0,138,0 0,0,18,0 0,0,16,0 0,0,20,0 0,0,40,0 3,0,37,0 0,0,18,0
tig00003891 102915 0,118,0,0 0,134,0,0 0,19,0,1 0,18,0,0 0,13,0,3 0,40,0,0 0,35,0,5 0,19,0,1
tig00047956 15768 0,0,0,126 0,0,0,136 0,0,0,18 0,0,0,18 2,0,0,18 0,0,0,40 0,0,0,40 0,0,0,20
tig00112561 6318 0,0,0,62 0,0,0,70 0,0,0,12 0,3,0,17 0,0,0,16 0,0,0,30 0,0,0,40 0,0,0,12
tig00071188 13553 122,0,0,0 140,0,0,0 19,0,0,1 20,0,0,0 20,0,0,0 40,0,0,0 38,0,0,0 20,0,0,0
tig00085595 12211 5,79,0,0 0,114,0,0 0,8,0,0 1,19,0,0 3,15,0,0 6,28,0,0 4,26,0,0 4,8,0,0
tig00248922 30931 9,0,117,0 8,0,130,0 0,0,20,0 3,0,17,0 2,0,18,0 4,0,36,0 0,0,40,0 0,0,18,0
tig00246762 79129 0,100,0,0 0,120,0,0 0,12,0,0 0,16,0,0 0,14,0,0 0,22,0,0 0,36,0,0 1,19,0,0
tig00043187 10137 21,0,73,0 20,0,106,0 4,0,16,0 5,0,11,0 5,0,9,0 10,0,30,0 7,0,33,0 4,0,12,0
tig01928809 3753 33,39,0,0 23,49,0,0 2,9,0,0 8,8,0,0 3,11,0,0 9,13,0,0 4,14,0,0 6,12,0,0
tig00022324 19516 0,0,116,0 0,0,130,0 0,1,17,0 0,0,16,0 0,0,18,0 0,0,40,0 0,0,32,0 0,0,16,0
tig00026666 93782 5,0,103,0 0,0,130,0 3,0,15,0 0,0,20,0 3,0,15,0 0,0,40,0 15,0,25,0 1,0,17,0
tig00068951 2638 0,0,114,0 0,0,134,0 0,0,18,0 0,1,17,0 0,0,20,0 0,0,36,0 0,0,38,0 0,0,18,0
tig00251969 21802 0,0,0,122 0,0,0,132 0,0,0,20 0,0,0,20 0,0,0,20 0,0,0,38 0,0,0,38 1,0,0,17
tig00248971 18520 0,109,0,13 0,124,0,8 0,16,0,4 0,19,0,1 0,13,0,7 0,34,0,6 0,38,0,0 0,20,0,0
tig00027642 21223 122,0,0,0 138,0,0,0 20,0,0,0 17,1,0,0 18,0,0,0 40,0,0,0 40,0,0,0 20,0,0,0
tig00030049 32523 0,0,102,24 0,0,102,34 0,0,14,4 0,0,14,6 0,0,14,6 0,0,26,12 0,0,30,8 0,0,18,2
tig00058127 5268 118,0,0,0 130,0,0,0 18,0,2,0 20,0,0,0 20,0,0,0 38,0,0,0 38,0,0,0 20,0,0,0
tig00010599 70540 0,0,110,0 0,0,122,0 0,0,14,0 0,0,9,1 0,0,10,0 0,0,30,0 0,0,38,0 0,0,18,0
tig00252290 13551 0,0,112,0 0,0,116,0 0,2,14,0 0,0,20,0 0,0,20,0 0,0,36,0 0,0,40,0 0,0,20,0
tig00253339 7004 0,0,114,0 0,0,126,0 1,0,19,0 4,0,16,0 7,0,11,0 0,0,38,0 0,0,36,0 0,0,18,0
tig00249017 51762 0,0,124,0 0,0,140,0 0,0,18,0 0,0,18,0 0,0,20,0 0,0,40,0 0,3,33,0 0,0,18,0
tig00011653 125708 0,124,0,0 0,136,0,0 0,20,0,0 0,20,0,0 0,20,0,0 0,40,0,0 0,38,0,2 0,16,0,4
tig00035838 11821 120,0,0,0 140,0,0,0 18,2,0,0 20,0,0,0 18,0,0,0 38,0,0,0 40,0,0,0 20,0,0,0
tig00095672 27239 0,90,0,0 0,104,0,0 1,11,0,0 0,16,0,0 0,12,0,0 0,34,0,0 0,30,0,0 0,14,0,0
tig00004446 8930 0,94,0,0 0,98,0,0 0,12,0,0 0,14,0,0 0,15,1,0 0,32,0,0 0,28,0,0 0,14,0,0
tig00246621 9350 60,0,0,0 70,0,0,0 6,0,0,0 10,0,0,0 8,0,0,0 8,0,0,0 26,0,0,0 15,0,0,1
tig00257746 11171 80,0,0,0 102,0,0,0 14,0,0,0 13,0,0,1 10,0,0,2 34,0,0,0 38,0,0,0 18,0,0,0
tig00261568 9220 0,0,12,108 0,0,10,120 0,0,0,18 0,0,0,16 0,0,0,18 0,0,0,38 0,0,0,40 0,0,0,18
tig01928947 127567 0,0,118,0 0,0,136,0 0,0,19,1 0,0,20,0 0,0,20,0 0,0,34,4 0,0,35,3 0,0,11,3
tig00012888 89453 0,78,0,0 0,82,0,0 0,17,1,0 0,12,0,0 0,16,0,0 0,30,0,0 0,22,0,0 0,12,0,0
tig00014053 10863 0,11,0,33 0,18,0,24 0,5,0,3 0,8,0,10 0,3,0,9 0,8,0,18 0,16,0,2 0,7,0,3
tig00073805 15705 0,0,0,126 0,0,0,140 1,0,0,19 0,0,0,20 0,0,0,20 0,0,0,40 0,0,0,40 0,0,0,20
tig00115844 5748 0,122,0,0 0,140,0,0 0,20,0,0 0,18,0,0 0,20,0,0 0,40,0,0 0,40,0,0 0,19,1,0
tig00032664 10386 0,0,0,122 0,0,0,134 0,0,0,14 0,1,0,19 0,0,0,20 0,0,0,40 0,4,0,34 0,0,0,20
tig00089185 10805 108,0,0,0 118,0,0,0 17,0,3,0 19,0,1,0 20,0,0,0 40,0,0,0 36,0,0,0 20,0,0,0
tig00073646 15832 0,0,37,31 0,0,27,31 0,0,6,6 0,0,5,9 0,0,7,5 0,0,14,16 0,0,14,14 0,0,7,9
tig00025136 29677 117,0,7,0 134,0,0,0 19,0,1,0 18,0,0,0 18,0,0,0 40,0,0,0 40,0,0,0 20,0,0,0
tig00029416 19281 0,114,0,0 0,138,0,0 0,18,0,0 0,20,0,0 0,20,0,0 0,40,0,0 0,40,0,0 0,19,1,0
tig00257756 34009 120,0,0,0 134,0,0,0 16,0,0,4 20,0,0,0 20,0,0,0 38,0,0,0 40,0,0,0 20,0,0,0
tig00005573 48474 63,0,0,63 65,0,0,73 11,0,0,9 10,0,0,10 10,0,0,10 21,0,0,19 20,0,0,20 9,0,0,11
tig00024214 73431 0,0,126,0 0,0,126,0 0,0,18,0 0,0,20,0 0,0,20,0 0,0,40,0 6,0,32,0 2,0,18,0
tig00254583 19897 0,118,0,0 0,138,0,0 0,19,1,0 0,20,0,0 0,20,0,0 0,40,0,0 0,40,0,0 0,20,0,0
tig00255993 7793 64,0,0,0 78,0,0,0 14,0,0,0 8,0,0,0 15,0,0,1 26,0,0,0 28,0,0,0 16,0,0,0
tig00052346 18210 0,0,0,118 0,0,0,122 0,0,0,20 0,0,0,20 0,15,0,5 0,13,0,25 0,0,0,40 0,0,0,20
tig00259931 6923 0,0,118,0 0,0,126,0 0,1,19,0 0,1,19,0 0,0,20,0 0,0,40,0 0,0,36,0 0,0,20,0
tig00021469 58271 0,122,0,0 0,132,0,0 1,19,0,0 0,20,0,0 1,19,0,0 0,38,0,0 0,34,0,0 0,18,0,0
tig00023718 31479 0,0,0,102 0,0,0,134 0,1,0,19 0,0,0,18 0,0,0,20 0,0,0,38 0,0,0,40 0,0,0,20
tig00054033 23321 0,0,120,0 0,0,132,0 0,0,20,0 0,0,20,0 0,1,19,0 0,0,40,0 0,0,38,0 0,0,20,0
tig00014300 17380 0,0,0,106 0,0,0,124 0,0,0,20 0,0,0,18 0,0,0,20 0,0,0,34 0,0,0,38 1,0,0,17
tig00079401 26519 124,0,0,0 134,0,0,0 15,0,1,0 18,0,0,0 18,0,0,0 34,0,0,0 32,0,0,0 12,0,0,0
tig00024841 48227 126,0,0,0 130,0,8,0 18,0,0,0 19,0,1,0 20,0,0,0 40,0,0,0 40,0,0,0 20,0,0,0
tig00035731 20019 0,0,0,116 0,0,0,126 1,0,0,19 0,0,0,18 0,0,0,20 0,0,0,40 0,0,0,40 0,0,0,20
tig01932252 6434 0,0,124,0 0,0,138,0 1,0,19,0 0,0,20,0 0,0,20,0 0,0,38,0 0,0,40,0 0,0,20,0
tig00249211 13001 0,0,0,126 0,0,0,140 0,0,0,20 0,0,0,20 0,0,0,20 0,0,0,40 0,0,0,40 1,0,0,19
tig00099593 9173 0,0,114,0 0,0,132,0 0,0,18,0 0,0,19,1 0,0,20,0 0,0,36,0 0,0,40,0 0,0,20,0
tig00002955 140552 108,0,0,0 116,0,0,0 18,0,0,0 18,0,0,0 16,0,0,0 36,0,0,0 33,0,0,7 3,0,0,15
tig00032769 5330 0,40,0,0 0,32,0,0 0,8,0,2 0,8,0,0 0,10,0,0 0,26,0,0 0,18,0,0 0,6,0,0
tig00080712 20898 0,0,86,34 0,0,102,32 0,0,20,0 0,0,13,7 0,0,20,0 0,0,38,0 0,0,36,0 0,0,16,0
tig00025492 6888 0,118,0,0 0,138,0,0 2,18,0,0 0,20,0,0 0,20,0,0 0,38,0,0 0,40,0,0 0,20,0,0
tig00064488 8424 0,0,126,0 0,0,138,0 0,0,20,0 0,0,20,0 0,0,18,0 0,0,40,0 0,0,40,0 0,0,18,2
tig00103984 11425 0,76,0,0 0,94,0,0 0,18,0,0 0,16,0,0 0,13,1,0 0,34,0,0 0,26,0,0 0,16,0,0
tig01938351 21831 0,0,0,124 0,0,0,134 0,1,0,17 0,0,0,18 0,0,0,18 0,0,0,38 0,0,0,38 0,0,0,18
tig00246479 43781 0,120,0,0 0,138,0,0 0,20,0,0 0,20,0,0 0,18,0,0 0,38,0,0 0,40,0,0 0,19,0,1
tig00040077 65457 108,0,0,18 122,0,0,18 19,0,0,1 16,0,0,4 20,0,0,0 40,0,0,0 40,0,0,0 20,0,0,0
tig00053414 13205 0,0,104,12 0,0,99,9 0,0,16,0 0,0,10,8 0,0,12,0 0,0,38,0 0,0,38,0 0,0,14,0
tig00246762 126656 0,0,116,0 0,0,126,0 0,0,20,0 0,0,18,0 0,1,19,0 0,0,36,0 0,8,28,0 0,2,18,0
tig00012840 17462 124,0,0,0 140,0,0,0 18,0,2,0 20,0,0,0 18,0,0,0 40,0,0,0 38,0,0,0 20,0,0,0
tig00076826 10617 0,0,94,0 0,0,98,0 0,0,16,0 0,1,17,0 0,0,20,0 0,0,38,0 0,0,38,0 0,0,16,0
tig00021797 89894 0,0,116,0 0,0,116,0 0,0,18,0 0,0,20,0 0,0,18,0 0,0,38,0 3,0,35,0 3,0,17,0
tig00088235 5603 0,0,126,0 0,0,140,0 1,0,19,0 0,0,20,0 0,0,20,0 0,0,40,0 0,0,38,0 0,0,20,0
tig00002811 44003 0,124,0,0 0,138,0,0 0,18,0,2 0,17,0,3 0,18,0,0 0,40,0,0 0,40,0,0 0,18,0,0
tig00007500 109958 120,0,0,0 136,0,0,0 19,0,1,0 20,0,0,0 20,0,0,0 40,0,0,0 40,0,0,0 20,0,0,0
tig00047269 15910 118,0,0,0 124,0,0,0 18,2,0,0 20,0,0,0 20,0,0,0 40,0,0,0 40,0,0,0 20,0,0,0
tig00076083 2002 0,0,0,60 0,0,0,46 0,0,0,16 0,0,0,8 1,0,0,13 0,0,0,26 0,0,0,30 0,0,0,12
tig00030983 25345 84,0,0,0 82,0,0,0 14,0,2,0 14,0,0,0 14,0,0,0 26,0,0,0 30,0,0,0 16,0,0,0
tig00246514 25977 0,124,0,0 0,134,0,0 0,20,0,0 0,20,0,0 0,19,0,1 0,40,0,0 0,40,0,0 0,20,0,0
tig00040791 22447 0,116,0,0 0,128,0,0 0,20,0,0 0,19,0,1 0,20,0,0 0,40,0,0 0,40,0,0 0,18,0,0
tig00067157 20398 0,0,0,72 0,0,0,96 0,0,0,16 0,0,0,10 0,0,0,14 2,0,0,29 0,0,0,26 0,0,0,12
tig00258084 3193 0,89,0,25 0,110,0,26 0,20,0,0 0,15,0,5 0,18,0,0 0,38,0,0 0,40,0,0 0,19,0,1
tig01929922 14442 0,0,0,102 0,0,0,116 0,0,0,18 1,0,0,9 0,0,0,14 0,0,0,32 0,0,0,36 0,0,0,18
tig00017840 17480 0,0,108,0 0,0,124,0 0,0,18,0 0,0,20,0 0,0,18,0 0,0,36,0 0,0,38,0 0,1,19,0
tig00253958 11830 34,0,0,0 40,0,0,0 4,0,0,2 6,0,0,0 6,0,0,0 18,0,0,0 16,0,0,0 8,0,0,0
tig00248534 76962 19,0,99,0 21,0,113,0 2,0,14,0 0,0,20,0 8,0,12,0 14,0,26,0 0,0,36,0 0,0,20,0
tig00007018 103034 0,124,0,0 0,138,0,0 0,18,0,2 0,18,0,0 0,20,0,0 0,40,0,0 0,40,0,0 0,20,0,0
tig00049293 30115 0,0,0,56 0,0,0,92 0,0,0,16 0,0,0,20 0,0,1,15 0,0,2,24 0,0,0,34 0,0,0,18
tig00003991 72516 0,0,0,122 0,0,0,126 0,0,1,19 0,0,1,19 0,0,0,18 0,0,0,36 0,0,0,38 0,0,0,20
tig00052169 27557 0,122,0,0 0,134,0,0 0,19,1,0 0,18,0,0 0,20,0,0 0,40,0,0 0,38,0,0 0,20,0,0
tig01929235 69034 0,0,124,0 0,0,134,0 0,0,18,0 0,0,20,0 0,0,20,0 0,0,40,0 0,0,38,0 0,1,19,0
tig00056342 21581 118,0,0,0 128,0,0,0 20,0,0,0 19,0,0,1 18,0,0,0 40,0,0,0 40,0,0,0 20,0,0,0
tig00080536 2370 18,0,0,100 16,0,0,114 2,0,0,18 0,0,0,20 9,0,0,11 4,0,0,36 0,0,0,40 0,0,0,18
tig00010421 49524 0,0,0,120 0,0,0,134 1,0,0,19 0,0,0,20 0,0,0,20 0,0,0,40 0,0,0,40 0,0,0,20
tig00109490 12999 68,0,0,0 90,0,0,0 12,0,0,2 16,0,0,0 10,0,0,0 22,0,0,0 24,0,0,0 8,0,0,0
tig01932332 19913 0,0,0,88 0,0,0,114 0,0,0,18 0,0,0,16 0,0,0,12 0,2,0,24 0,0,0,30 0,0,0,8
tig00018677 31925 0,0,126,0 0,0,134,0 0,0,18,0 0,0,18,0 0,0,20,0 0,0,34,6 0,0,40,0 0,0,20,0
tig00100977 9952 0,0,118,0 0,0,134,0 0,0,18,0 0,0,20,0 0,0,20,0 0,0,40,0 0,0,31,9 0,0,13,5
tig00098289 14108 0,0,118,0 0,0,138,0 0,0,12,0 1,0,19,0 0,0,18,0 0,0,40,0 0,0,40,0 0,0,20,0
tig00249674 38114 0,0,114,0 0,0,132,0 0,1,17,0 0,0,20,0 0,0,18,0 0,0,38,0 0,0,40,0 0,0,20,0
tig00256371 7503 0,0,0,44 0,0,0,66 0,0,0,14 0,2,0,10 0,0,0,12 0,0,0,28 0,0,0,28 0,0,0,16
tig00047603 4311 0,0,66,0 0,0,68,0 0,0,16,0 0,0,14,0 0,0,14,0 3,0,23,0 0,0,40,0 0,0,20,0
tig00254430 4550 0,62,0,0 0,60,0,0 0,12,0,0 0,8,0,0 0,8,0,0 0,24,2,0 0,18,0,0 0,12,0,0
tig00259851 4228 0,0,0,26 0,0,0,30 0,3,0,5 0,0,0,6 0,0,0,8 0,0,0,12 0,0,0,10 0,0,0,6
tig01931002 6745 0,68,10,0 0,79,11,0 0,14,0,0 0,8,4,0 0,12,0,0 0,26,2,0 0,25,3,0 0,8,0,0
tig01938543 134928 50,0,0,0 52,0,0,0 12,2,0,0 12,0,0,0 14,0,0,0 20,0,0,0 30,0,0,0 18,0,0,0
tig01940053 3915 0,5,67,0 0,10,66,0 0,0,16,0 0,3,5,0 0,0,10,0 0,0,26,0 0,0,12,0 0,0,14,0
tig00121840 15957 0,105,0,7 0,128,0,0 0,16,0,0 0,20,0,0 0,20,0,0 0,38,0,0 0,40,0,0 0,20,0,0
tig00045646 7894 126,0,0,0 136,0,0,0 20,0,0,0 20,0,0,0 20,0,0,0 40,0,0,0 35,0,0,5 20,0,0,0
tig00246381 41475 0,122,0,0 0,136,0,0 0,20,0,0 0,18,0,0 0,18,0,0 0,38,0,2 0,38,0,0 0,20,0,0
tig00259850 23153 77,0,0,9 96,0,0,6 18,0,0,0 13,0,0,3 18,0,0,0 38,0,0,0 30,0,0,0 16,0,0,0
tig00079144 24658 94,0,0,12 94,0,0,28 12,0,0,8 16,0,0,0 17,0,0,1 34,0,0,0 10,0,0,22 8,0,0,8
tig00039653 9268 0,0,102,0 0,0,120,0 0,0,14,0 0,0,18,0 0,0,19,1 0,0,36,0 0,0,36,0 0,0,18,0
tig00260265 53460 0,0,124,0 0,0,132,0 0,0,20,0 0,0,19,1 0,0,20,0 0,0,40,0 0,0,40,0 0,0,20,0
tig00090654 11015 0,0,124,0 0,0,140,0 0,0,20,0 1,0,17,0 4,0,16,0 2,0,38,0 9,0,31,0 4,0,16,0
tig01935708 9786 0,64,0,0 0,70,0,0 0,13,3,0 0,14,0,0 0,11,1,0 0,34,0,0 0,36,0,0 0,18,0,0
tig00250569 13848 11,0,115,0 14,0,126,0 2,0,18,0 1,0,19,0 5,0,15,0 16,0,24,0 0,0,40,0 0,0,20,0
