COUNTSFILE NPOP 8 NSITES 536
CHROM POS Agrav Grav D01 H01 D03 H02 D04 H05
tig00055595 22983 0,52,0,0 0,80,0,0 0,14,0,0 0,9,1,0 0,10,0,0 0,20,0,0 0,22,0,0 0,12,0,0
tig00067451 16488 0,120,0,0 0,132,0,0 0,20,0,0 0,19,1,0 0,20,0,0 0,40,0,0 0,40,0,0 0,20,0,0
tig00038258 33985 3,0,0,49 0,0,0,48 0,0,0,12 0,0,0,10 0,0,0,12 0,0,0,30 0,0,0,22 0,0,0,10
tig00256657 29325 0,0,114,0 0,0,126,0 0,0,16,0 1,0,19,0 0,0,16,0 0,0,14,0 0,0,18,0 0,0,18,0
tig01928645 30153 0,0,0,116 0,0,0,128 1,0,0,15 0,0,0,20 0,0,0,20 0,0,0,40 0,0,0,38 0,0,0,20
tig00054243 4611 0,99,17,0 0,107,17,0 0,18,2,0 0,16,4,0 0,17,1,0 0,35,3,0 0,30,8,0 0,20,0,0
tig00085389 3525 0,0,0,124 0,0,0,134 0,0,0,18 0,0,0,20 0,0,0,20 0,0,0,40 0,0,0,38 1,0,0,17
tig01938284 16519 72,0,0,0 80,0,0,0 15,0,1,0 12,0,0,0 16,0,0,0 22,0,0,0 32,0,0,0 16,0,0,0
tig00004051 14873 34,88,0,0 39,95,0,0 4,14,0,0 4,16,0,0 8,12,0,0 19,21,0,0 6,34,0,0 5,15,0,0
tig00247449 94275 112,0,0,0 122,0,0,0 18,0,0,0 20,0,0,0 16,0,2,0 38,0,0,0 38,0,0,0 18,0,0,0
tig00246355 32521 0,18,0,84 0,21,0,93 0,4,0,16 0,0,0,20 0,10,0,8 0,16,0,22 0,15,0,13 0,6,0,10
tig00039203 29914 124,0,0,0 128,0,0,0 16,0,0,0 20,0,0,0 15,0,0,5 16,0,0,24 38,0,0,0 18,0,0,0
tig00076716 21030 112,0,0,0 122,0,0,0 17,1,0,0 20,0,0,0 20,0,0,0 38,0,0,0 36,0,0,0 20,0,0,0
tig01938718 45459 120,0,0,0 128,0,0,0 18,0,0,0 20,0,0,0 20,0,0,0 40,0,0,0 36,4,0,0 19,1,0,0
tig00002501 180411 0,0,0,118 0,0,0,134 2,0,0,18 0,0,0,18 0,0,0,20 0,0,0,40 0,0,0,40 0,0,0,18
tig00043574 18714 0,110,0,0 0,110,0,0 0,20,0,0 0,18,0,0 0,18,0,0 0,38,0,0 0,40,0,0 0,19,1,0
tig00047013 36297 0,0,120,0 0,0,136,0 0,0,20,0 0,1,19,0 0,0,20,0 0,0,40,0 0,0,40,0 0,0,20,0
tig00009506 50641 0,30,0,24 0,35,0,23 0,7,0,9 0,8,0,4 0,9,0,5 0,23,0,9 0,15,0,5 0,6,0,4
tig00031894 34644 0,20,96,0 0,27,103,0 0,2,16,0 0,1,19,0 0,4,12,0 0,11,23,0 0,3,27,0 0,1,17,0
tig00125552 15767 0,0,0,114 0,0,0,132 0,0,0,14 0,0,0,18 0,0,0,18 5,0,0,35 0,0,0,40 0,0,0,20
tig00253833 95598 0,0,100,0 0,0,88,0 0,0,12,0 1,0,19,0 0,0,20,0 0,0,30,0 0,0,32,0 0,0,16,0
tig00019342 59427 0,126,0,0 0,140,0,0 0,19,0,1 0,20,0,0 0,17,0,3 0,40,0,0 0,30,0,10 0,20,0,0
tig00256008 51725 0,0,116,0 0,0,126,0 0,0,14,0 0,0,20,0 0,0,20,0 0,0,38,0 0,0,40,0 0,1,19,0
tig00012245 8723 0,0,124,0 0,0,138,0 0,0,16,2 0,0,20,0 0,0,20,0 0,0,40,0 0,0,40,0 0,0,20,0
tig00056486 6675 65,0,57,0 69,0,67,0 1,0,17,0 0,0,20,0 0,0,20,0 0,0,40,0 0,0,40,0 0,0,20,0
tig00264537 16917 0,124,0,0 0,136,0,0 0,20,0,0 0,20,0,0 0,19,1,0 0,40,0,0 0,40,0,0 0,20,0,0
tig01933382 3133 0,68,0,0 0,84,0,0 1,13,0,0 0,16,0,0 0,16,0,0 0,30,0,0 0,30,0,0 0,16,0,0
tig00000793 195374 0,74,0,0 0,80,0,0 0,14,0,0 0,18,0,0 0,14,0,0 0,36,0,0 0,28,0,0 0,12,2,0
tig00013194 27146 0,0,0,116 0,10,0,118 0,0,0,18 0,0,0,16 0,0,0,20 0,0,0,36 0,0,0,38 0,0,0,20
tig00040446 11120 0,0,0,82 0,0,0,88 0,0,0,8 0,2,0,9 0,0,0,6 0,0,0,18 0,0,0,16 0,0,0,18
tig00070726 12668 5,0,83,0 0,0,66,0 0,0,8,0 0,0,14,0 2,0,14,0 0,0,38,0 0,0,36,0 0,0,16,0
tig00007746 10791 116,0,0,0 124,0,0,0 18,0,0,0 17,0,0,3 19,0,0,1 38,0,0,2 32,0,0,4 20,0,0,0
tig01928650 63233 105,0,0,19 120,0,0,16 20,0,0,0 15,0,0,3 18,0,0,0 38,0,0,0 38,0,0,0 20,0,0,0
tig00123196 5322 0,0,122,0 0,0,132,0 1,0,19,0 0,0,16,0 0,0,20,0 0,0,40,0 0,0,40,0 0,0,20,0
tig00032148 25953 0,0,54,66 0,0,66,72 0,0,14,6 0,0,11,9 0,0,12,8 0,0,21,17 0,0,23,17 0,0,10,10
tig00053361 19884 70,0,0,0 82,0,0,0 18,0,0,0 14,0,0,0 14,0,0,0 21,0,0,1 22,0,0,0 12,0,0,0
tig00081450 3238 0,0,0,28 0,0,0,36 0,0,0,12 0,0,0,12 0,0,0,14 0,0,0,20 5,0,0,23 0,0,0,6
tig01929854 17708 0,70,0,0 0,86,0,0 0,7,0,1 0,18,0,0 0,10,0,0 0,16,0,0 0,26,0,0 0,10,0,0
tig00139300 2207 0,0,0,116 0,0,0,126 0,0,0,18 0,0,0,16 0,0,0,18 0,0,0,40 0,0,0,26 3,0,0,9
tig00246756 33804 98,0,24,0 108,0,24,0 12,0,8,0 14,0,6,0 9,0,9,0 8,0,30,0 17,0,23,0 5,0,14,0
tig00050114 13240 0,0,108,0 0,0,108,0 0,0,18,0 0,0,17,1 0,0,20,0 0,0,38,2 0,0,36,4 0,0,18,2
tig00073213 47338 0,0,118,0 0,0,134,0 0,1,19,0 0,0,18,0 0,0,20,0 0,0,36,0 0,0,38,0 0,0,18,0
tig00254079 7387 0,0,54,56 0,0,75,57 0,0,2,16 0,0,8,12 0,0,0,20 0,0,0,34 0,0,0,36 0,0,1,15
tig00028821 15450 0,120,0,0 0,132,0,0 0,16,0,2 0,20,0,0 0,20,0,0 0,38,0,0 0,40,0,0 0,20,0,0
tig00047128 22180 0,110,0,0 0,128,0,0 0,18,0,0 0,14,0,0 0,20,0,0 0,40,0,0 0,34,4,0 0,19,1,0
tig00025200 15808 0,0,124,0 0,0,132,0 0,0,20,0 0,0,20,0 0,1,17,0 0,0,40,0 0,0,38,0 0,0,20,0
tig00111036 1881 38,0,78,0 26,0,102,0 2,0,18,0 0,0,20,0 4,0,16,0 7,0,27,0 0,0,40,0 2,0,18,0
tig00251159 42180 0,124,0,0 0,134,0,0 0,18,0,0 0,18,0,2 0,20,0,0 0,40,0,0 0,40,0,0 0,20,0,0
tig01929675 59347 29,0,93,0 39,0,99,0 0,0,18,0 1,0,17,0 0,0,20,0 0,0,36,0 0,0,38,0 0,0,20,0
tig00075696 26609 0,0,0,90 0,0,0,118 0,0,0,18 1,0,0,19 0,0,0,20 0,0,0,34 0,0,0,38 0,0,0,20
tig00011653 21880 0,100,0,0 0,128,0,0 0,18,0,0 0,20,0,0 0,17,0,1 0,26,0,0 0,40,0,0 0,20,0,0
tig00042038 7783 46,0,0,0 50,0,0,0 8,0,0,0 4,0,2,0 18,0,0,0 18,0,0,0 32,0,0,0 10,0,0,0
tig00010504 37759 0,0,0,86 0,0,0,76 0,0,0,16 1,0,0,15 0,0,0,16 0,0,0,28 0,0,0,32 0,0,0,14
tig00037502 11296 0,124,0,0 0,138,0,0 1,19,0,0 0,20,0,0 0,18,0,0 0,40,0,0 0,40,0,0 0,16,0,0
tig00249980 71406 0,0,0,120 0,0,0,134 1,0,0,17 0,0,0,18 0,0,0,18 0,0,0,38 0,0,0,40 0,0,0,20
tig00250846 18974 0,0,124,0 0,0,140,0 0,2,18,0 0,0,20,0 0,0,20,0 0,0,40,0 0,0,40,0 0,0,20,0
tig01929303 11077 0,0,90,0 0,0,106,0 0,0,20,0 0,0,20,0 0,0,18,0 3,0,33,0 0,0,36,0 0,0,18,0
tig00067666 32687 106,0,0,0 126,0,0,0 16,0,0,0 17,0,0,3 12,0,0,8 32,0,0,8 38,0,0,0 20,0,0,0
tig00060475 21722 0,102,0,6 0,116,0,14 0,14,0,4 0,16,0,2 0,20,0,0 0,34,0,0 0,24,0,14 0,17,0,1
tig00103766 7261 0,120,0,0 0,138,0,0 0,19,0,1 0,20,0,0 0,20,0,0 0,38,0,0 0,40,0,0 0,20,0,0
tig00036741 25752 0,0,120,0 0,0,140,0 0,0,19,1 0,0,20,0 0,0,20,0 0,0,40,0 0,0,40,0 0,0,20,0
tig00039403 19324 0,118,0,0 0,134,0,0 0,20,0,0 0,18,0,0 0,20,0,0 0,40,0,0 0,40,0,0 0,19,0,1
tig00090657 23015 0,0,0,116 0,0,0,138 0,0,0,18 0,0,0,20 0,0,0,18 0,0,0,40 0,0,0,40 2,0,0,18
tig00003582 111357 0,0,0,108 0,0,0,126 0,0,0,20 0,0,0,20 0,0,0,20 0,0,0,38 0,0,0,38 0,0,1,15
tig00041875 7960 104,0,0,0 132,0,0,0 20,0,0,0 19,0,0,1 20,0,0,0 38,0,0,0 38,0,0,0 20,0,0,0
tig01928627 291748 0,43,81,0 0,61,75,0 0,12,8,0 0,4,16,0 0,1,19,0 0,16,24,0 0,14,26,0 0,9,11,0
tig00032576 14419 0,0,0,120 0,0,0,140 0,0,0,16 0,1,0,19 0,0,0,20 0,0,0,40 0,0,0,38 0,0,0,20
tig00082547 2843 0,0,0,76 0,0,0,94 0,0,0,20 0,0,0,18 0,0,0,14 0,0,0,36 0,0,0,38 0,1,0,17
tig00249380 20116 122,0,0,0 136,0,0,0 19,1,0,0 20,0,0,0 20,0,0,0 40,0,0,0 38,0,0,0 20,0,0,0
tig00085151 11176 0,122,0,0 0,136,0,0 0,16,0,0 0,20,0,0 0,20,0,0 0,40,0,0 0,38,2,0 0,13,3,0
tig00251154 51496 0,0,120,0 0,0,116,0 0,0,18,0 0,0,20,0 0,0,20,0 0,0,36,0 0,0,40,0 1,0,19,0
tig00008761 6248 0,0,116,0 0,0,136,0 0,1,19,0 0,0,20,0 0,0,20,0 0,0,38,0 0,0,38,0 0,0,18,0
tig00062681 25158 0,118,0,0 0,128,0,0 0,20,0,0 0,20,0,0 0,19,1,0 0,38,0,0 0,38,0,0 0,20,0,0
tig00056324 54348 0,7,0,109 0,0,0,126 0,0,0,20 0,0,0,16 0,1,0,17 0,0,0,34 0,0,0,34 0,0,0,18
tig01933434 2698 0,0,116,0 0,0,120,0 0,0,20,0 0,0,18,0 0,0,20,0 0,0,40,0 0,0,40,0 1,0,19,0
tig01933433 1913 20,0,0,0 46,0,0,0 10,0,0,0 8,0,0,0 12,0,0,0 12,0,0,0 24,0,0,0 7,0,0,1
tig01939139 28476 0,0,56,0 0,0,68,0 0,0,10,0 0,0,14,0 0,0,7,5 0,0,17,9 0,0,28,0 0,0,6,0
tig00029139 37578 0,0,118,8 0,0,130,10 0,0,20,0 0,0,19,1 0,0,20,0 0,0,40,0 0,0,40,0 0,0,20,0
tig00037664 12002 0,0,0,100 0,0,0,112 0,0,0,14 0,1,0,13 0,0,0,20 0,0,0,36 0,0,0,36 0,0,0,18
tig00017814 46564 0,0,0,116 0,0,0,136 0,0,0,18 0,0,0,20 0,0,0,20 0,0,0,38 0,0,0,38 1,0,0,19
tig00249433 47782 0,0,124,0 0,0,138,0 0,0,18,0 0,0,20,0 5,0,15,0 10,0,30,0 4,0,36,0 2,0,18,0
tig00111085 1998 0,0,0,120 0,0,0,140 0,0,0,18 0,0,0,20 0,0,0,18 0,4,0,36 0,0,0,38 0,0,0,18
tig00005703 62513 0,0,0,98 0,0,0,90 0,0,0,18 0,0,0,14 1,0,0,13 0,0,0,30 0,0,0,30 0,0,0,16
tig00105695 3809 0,0,0,124 0,0,0,138 1,0,0,19 0,0,0,20 0,0,0,20 0,0,0,40 0,0,0,38 0,0,0,20
tig00070045 26345 0,0,122,0 7,0,117,0 6,0,10,0 0,0,18,0 0,0,20,0 0,0,38,0 0,0,36,0 0,0,20,0
tig00001776 69470 101,21,0,0 103,29,0,0 16,4,0,0 11,7,0,0 18,2,0,0 33,5,0,0 38,2,0,0 20,0,0,0
tig00088852 7106 0,0,116,0 0,0,132,0 1,0,19,0 0,0,20,0 0,0,20,0 0,0,40,0 0,0,36,0 0,0,20,0
tig00262471 6029 0,114,0,0 0,134,0,0 0,18,0,0 1,19,0,0 0,20,0,0 0,40,0,0 0,38,0,0 0,20,0,0
tig00249164 92522 0,112,0,0 0,130,0,0 0,20,0,0 0,18,0,0 0,18,0,0 0,38,0,0 0,38,0,0 0,19,1,0
tig00020632 7477 0,126,0,0 0,140,0,0 0,20,0,0 0,19,0,1 0,20,0,0 0,40,0,0 0,40,0,0 0,20,0,0
tig00247671 78580 0,0,0,108 0,0,0,110 0,0,0,18 0,0,0,20 0,0,0,18 0,0,0,32 0,0,0,28 1,0,0,19
tig00013517 15157 0,0,118,0 0,0,106,0 0,0,18,0 0,0,20,0 0,0,20,0 0,2,38,0 0,0,40,0 0,0,20,0
tig00096673 9680 0,0,0,100 0,0,0,108 0,0,0,6 0,0,1,17 0,0,0,18 0,0,0,28 0,0,0,40 0,0,0,18
tig00009195 29090 0,0,0,98 0,0,0,102 0,1,0,11 0,0,0,14 0,0,0,10 0,0,0,10 0,0,0,20 0,0,0,16
tig00027384 19440 0,0,102,0 0,0,102,0 0,0,18,0 0,0,16,0 0,0,18,0 0,0,38,0 0,0,36,0 2,0,18,0
tig00066275 9527 0,0,0,118 0,18,0,110 0,4,0,12 0,0,0,20 0,0,0,18 0,0,0,34 0,0,0,34 0,0,0,16
tig00090013 14973 0,84,0,0 0,94,0,0 0,14,0,0 0,6,0,0 0,11,0,1 0,34,0,0 0,22,0,0 0,12,0,0
tig00095047 16760 0,114,0,0 0,126,0,0 0,19,1,0 0,20,0,0 0,20,0,0 0,38,0,0 0,34,0,0 0,20,0,0
tig00013570 14239 0,0,0,104 0,0,0,100 0,0,0,14 0,0,0,12 0,0,0,16 0,0,0,38 0,0,0,40 1,0,0,15
tig00017035 33470 0,0,120,0 0,0,128,0 0,0,13,3 0,0,20,0 0,0,20,0 0,0,40,0 0,0,38,0 0,0,20,0
tig00036808 9475 85,0,0,31 99,0,0,33 10,0,0,8 15,0,0,5 10,0,0,10 18,0,0,20 40,0,0,0 17,0,0,1
tig00120915 9798 89,0,7,0 87,0,19,0 10,0,6,0 10,0,4,0 8,0,6,0 29,0,3,0 34,0,0,0 11,0,1,0
tig00249218 27007 0,0,0,118 0,0,0,130 0,0,0,16 1,0,0,15 0,0,0,16 0,0,0,36 0,0,0,36 0,0,0,18
tig00015901 71719 116,0,0,0 132,0,0,0 17,0,0,1 20,0,0,0 18,0,0,0 40,0,0,0 34,0,0,0 20,0,0,0
tig00035118 5790 0,108,0,8 0,118,0,0 0,15,0,3 0,20,0,0 0,11,0,5 0,19,0,13 0,36,0,0 0,16,0,0
tig00046082 28900 0,0,0,122 0,0,0,136 1,0,0,19 0,0,0,20 0,0,0,20 0,0,0,38 0,0,0,40 0,0,0,20
tig00048884 21716 0,0,116,0 0,0,134,0 0,0,19,1 0,0,18,0 0,0,16,0 0,0,38,0 0,0,40,0 0,0,20,0
tig00010159 88719 0,116,0,0 0,126,0,0 0,20,0,0 0,18,0,0 0,20,0,0 0,38,0,0 0,36,0,0 0,19,0,1
tig00034646 9706 0,0,0,126 0,0,0,140 0,0,0,20 0,0,0,20 0,1,0,19 0,6,0,34 0,0,0,40 0,0,0,20
tig00012297 78745 64,62,0,0 67,73,0,0 12,8,0,0 9,11,0,0 9,11,0,0 20,20,0,0 20,20,0,0 9,11,0,0
tig00065412 29488 0,0,0,122 0,0,0,138 0,0,1,19 0,0,0,20 0,0,0,20 0,0,0,38 0,0,0,40 0,0,0,20
tig00017503 32673 0,46,0,0 0,82,0,0 0,10,0,0 0,6,0,2 0,8,0,0 0,18,0,0 0,24,0,0 0,18,0,0
tig00047073 17131 0,0,126,0 0,0,138,0 1,0,19,0 0,0,20,0 0,0,20,0 0,0,40,0 0,0,40,0 0,0,20,0
tig00066740 9114 0,0,126,0 0,0,140,0 0,0,19,1 0,0,20,0 0,0,20,0 0,0,40,0 0,0,40,0 0,0,20,0
tig00060234 11514 124,0,0,0 138,0,0,0 18,0,0,0 20,0,0,0 17,0,0,1 40,0,0,0 38,0,0,0 20,0,0,0
tig00099384 9094 118,0,0,0 132,0,0,0 19,0,0,1 20,0,0,0 20,0,0,0 38,0,0,0 40,0,0,0 20,0,0,0
tig00002231 80560 0,122,0,0 0,132,0,0 0,18,2,0 0,18,0,0 0,20,0,0 0,40,0,0 0,40,0,0 0,20,0,0
tig00003316 130816 0,59,0,67 0,66,0,74 0,9,0,11 0,11,0,9 0,10,0,10 0,21,0,19 0,20,0,20 0,11,0,9
tig00245365 11487 122,0,0,0 136,0,0,0 20,0,0,0 17,1,0,0 20,0,0,0 40,0,0,0 38,0,0,0 20,0,0,0
tig00245373 211819 0,0,0,126 0,0,0,140 0,1,0,19 0,0,0,20 0,0,0,20 0,0,0,38 0,0,0,40 0,0,0,20
tig01930277 5327 0,39,0,7 0,39,0,13 0,14,0,0 0,2,0,4 0,6,0,0 0,16,0,0 0,22,0,0 0,12,0,0
tig00248999 20994 40,0,84,0 37,0,89,0 5,0,15,0 5,0,15,0 7,0,13,0 18,0,22,0 14,0,22,0 8,0,12,0
tig00003524 17229 0,64,0,0 0,70,0,0 0,8,0,0 0,5,1,0 0,12,0,0 0,28,0,0 0,24,0,0 0,16,0,0
tig00075109 2296 79,9,0,0 97,7,0,0 18,0,0,0 13,1,0,0 18,0,0,0 34,0,0,0 40,0,0,0 20,0,0,0
tig00025624 35553 0,101,9,0 0,117,7,0 0,17,3,0 0,20,0,0 0,20,0,0 0,40,0,0 0,38,0,0 0,20,0,0
tig00246486 136162 0,0,112,0 0,0,122,0 0,0,16,0 0,0,18,0 0,0,18,0 0,0,38,0 0,0,40,0 1,0,17,0
tig00249925 4048 99,0,11,0 124,0,0,0 15,0,3,0 17,0,1,0 16,0,0,0 27,0,13,0 38,0,0,0 15,0,1,0
tig00008757 24196 0,124,0,0 0,138,0,0 0,18,0,0 0,20,0,0 0,18,0,0 0,40,0,0 0,36,0,0 1,19,0,0
tig00046489 16249 0,0,104,0 0,0,120,0 0,0,14,0 0,0,17,1 0,0,20,0 0,0,34,0 0,0,34,0 0,0,14,0
tig00247952 62850 0,124,0,0 0,132,0,0 0,20,0,0 0,16,0,4 0,20,0,0 0,40,0,0 0,40,0,0 0,20,0,0
tig00248484 101288 58,0,0,0 66,0,0,0 9,0,3,0 12,0,0,0 8,0,0,0 18,0,0,0 24,0,0,0 18,0,0,0
tig00031607 11305 52,0,0,72 57,0,0,81 9,0,0,9 10,0,0,10 10,0,0,10 18,0,0,22 19,0,0,21 9,0,0,11
tig01931902 18091 9,113,0,0 0,128,0,0 0,20,0,0 1,17,0,0 0,20,0,0 0,40,0,0 0,40,0,0 0,20,0,0
tig00148133 9422 0,57,0,67 0,50,0,88 0,7,0,13 0,9,0,11 0,7,0,13 0,15,0,25 0,4,0,36 0,7,0,13
tig00061967 13743 0,112,0,0 0,120,0,0 0,16,0,0 0,19,1,0 0,20,0,0 0,36,0,0 0,40,0,0 0,20,0,0
tig00254103 24117 0,62,0,60 0,70,0,70 0,10,0,10 0,10,0,10 0,10,0,10 0,21,0,19 0,20,0,20 0,10,0,10
tig00050583 10912 0,0,0,118 0,0,0,132 0,0,0,18 0,0,1,17 0,0,0,20 0,0,0,40 0,0,0,38 0,0,0,20
tig00077080 8221 0,0,0,126 0,0,0,138 0,1,0,19 0,0,0,20 0,0,0,20 0,0,0,40 0,0,0,40 0,0,0,20
tig00058443 6824 0,0,0,116 0,0,0,138 0,0,1,19 0,0,0,20 0,0,0,20 0,0,0,40 0,0,0,38 0,0,0,20
tig00022850 2413 0,0,0,126 0,0,0,128 0,1,0,17 0,0,0,20 0,0,0,14 0,0,0,32 0,0,0,40 0,0,0,20
tig00100969 2187 0,0,70,0 0,0,58,0 0,0,10,0 0,0,10,0 0,0,14,0 0,0,34,0 0,0,28,0 1,0,13,0
tig00261663 14003 4,66,0,0 0,98,0,0 0,20,0,0 0,10,0,0 0,16,0,0 0,36,0,0 0,32,0,0 0,16,0,0
tig00000700 26126 0,0,88,38 0,0,83,57 0,0,14,6 0,0,12,8 0,0,12,8 0,0,23,17 0,0,40,0 0,0,20,0
tig01934478 5780 98,0,0,0 116,0,0,0 18,0,0,0 20,0,0,0 16,0,0,0 34,0,0,0 36,0,0,0 19,0,1,0
tig00068127 13791 0,0,0,116 0,0,0,136 0,0,0,20 0,0,0,20 0,0,1,17 0,0,0,36 0,0,0,40 0,0,0,20
tig01932760 10701 63,63,0,0 70,70,0,0 11,9,0,0 8,12,0,0 10,10,0,0 19,21,0,0 20,20,0,0 10,10,0,0
tig00013335 95630 0,0,120,0 0,0,122,0 0,0,18,0 0,1,19,0 0,0,20,0 0,0,38,0 0,0,40,0 0,0,20,0
tig00022180 62137 110,0,0,0 128,0,0,0 12,0,0,0 14,0,0,0 16,0,0,0 40,0,0,0 18,0,16,0 14,0,4,0
tig00050117 5829 106,0,0,0 120,0,0,0 18,2,0,0 16,0,0,0 20,0,0,0 26,0,0,0 36,0,0,0 18,0,0,0
tig00245715 182916 0,0,112,0 0,0,134,0 0,0,20,0 0,0,16,0 1,0,19,0 0,0,40,0 0,0,38,0 0,0,18,0
tig00053414 16937 0,7,0,23 0,12,0,32 0,0,0,8 0,0,0,8 0,0,0,6 0,0,0,22 0,0,0,12 0,0,0,8
tig01938351 19045 0,11,0,101 0,6,0,116 0,0,0,20 0,0,0,18 0,0,0,18 0,0,0,36 0,0,0,34 0,0,0,18
tig00255639 42068 0,0,126,0 0,0,140,0 0,0,20,0 0,1,17,0 0,0,20,0 0,0,40,0 0,0,40,0 0,1,17,0
tig00251991 3940 0,122,0,0 0,132,0,0 1,19,0,0 0,14,0,0 0,20,0,0 0,36,0,0 0,34,0,0 0,18,0,0
tig00014260 82924 0,0,122,0 0,0,132,0 2,0,18,0 0,0,20,0 0,0,20,0 0,0,40,0 0,0,40,0 0,0,18,0
tig00034175 47283 114,0,0,0 130,0,0,0 17,1,0,0 13,1,0,0 18,0,0,0 38,0,0,0 38,0,0,0 20,0,0,0
tig00070442 10023 0,0,0,118 0,0,0,130 0,1,0,15 0,0,0,16 0,0,0,16 0,0,0,32 0,0,0,32 0,0,0,16
tig00088031 18827 0,120,0,0 0,132,0,0 0,19,1,0 0,20,0,0 0,20,0,0 0,40,0,0 0,38,0,0 0,20,0,0
tig00031488 14603 0,0,124,0 0,0,130,0 0,0,16,0 0,0,20,0 0,0,20,0 0,0,40,0 0,0,38,0 4,0,16,0
tig00016743 59014 0,112,0,0 0,122,0,0 0,20,0,0 0,20,0,0 0,18,0,0 0,38,0,0 0,31,5,0 0,12,6,0
tig01931249 33019 0,124,0,0 0,128,0,0 0,16,0,0 0,20,0,0 0,19,1,0 0,38,0,0 0,40,0,0 0,20,0,0
tig01931247 18449 104,0,0,0 108,0,0,0 16,0,0,0 17,0,0,1 14,0,0,0 38,0,0,0 38,0,0,0 20,0,0,0
tig00015877 29101 122,0,0,0 126,0,0,0 20,0,0,0 18,0,0,0 15,5,0,0 27,11,0,0 40,0,0,0 18,2,0,0
tig00257654 58110 0,124,0,0 0,140,0,0 0,20,0,0 0,19,1,0 0,20,0,0 0,36,0,0 0,40,0,0 0,20,0,0
tig00030173 1709 0,0,0,104 0,0,0,122 0,1,0,19 0,0,0,20 0,0,0,16 0,0,0,30 0,0,0,38 0,0,0,18
tig00245924 10903 0,122,0,0 0,140,0,0 0,18,0,0 0,19,1,0 0,20,0,0 0,40,0,0 0,40,0,0 0,20,0,0
tig00033714 9921 0,53,0,71 0,62,0,76 0,5,0,15 0,10,0,10 0,8,0,12 0,18,0,22 0,19,0,21 0,9,0,9
tig00078902 21410 0,7,0,93 0,7,0,103 0,9,0,9 0,0,0,20 0,0,0,16 0,0,0,38 0,0,0,36 0,0,0,18
tig00026097 51315 0,0,0,32 0,0,0,38 0,0,0,8 0,0,0,14 0,2,0,10 0,0,0,26 0,0,0,30 0,0,0,10
tig00003819 20874 117,0,7,0 112,0,24,0 20,0,0,0 20,0,0,0 18,0,0,0 40,0,0,0 40,0,0,0 20,0,0,0
tig00014525 3504 12,0,28,0 15,0,27,0 0,0,6,0 2,0,8,0 3,0,7,0 0,0,10,0 4,0,14,0 4,0,2,0
tig01933532 8270 0,118,0,0 0,124,0,0 0,16,0,0 0,18,0,0 0,20,0,0 0,36,0,0 0,33,0,5 0,20,0,0
tig00073701 18715 124,0,0,0 136,0,0,0 20,0,0,0 19,1,0,0 16,0,0,0 40,0,0,0 40,0,0,0 16,0,0,0
tig00024217 4796 0,0,0,90 0,0,0,94 1,0,0,17 0,0,0,18 0,0,0,10 0,0,0,26 0,0,0,38 0,0,0,14
tig00249230 38633 118,0,0,0 134,0,0,0 18,0,0,0 17,0,1,0 20,0,0,0 36,0,0,0 38,0,0,0 16,0,0,0
tig00245829 92824 59,0,67,0 68,0,70,0 10,0,10,0 8,0,12,0 10,0,10,0 21,0,19,0 20,0,20,0 12,0,8,0
tig00025291 6056 0,0,112,0 0,0,114,0 0,0,20,0 0,0,19,1 0,0,20,0 0,0,38,0 0,0,38,0 0,0,20,0
tig00126986 3785 0,0,0,52 0,0,0,48 0,0,0,8 0,0,0,6 0,0,0,16 0,0,0,22 0,0,0,14 0,2,0,10
tig00054393 5687 0,0,56,0 0,0,50,0 2,0,10,0 0,0,6,0 0,0,8,0 0,0,16,0 0,0,24,0 0,0,12,0
tig00008806 15778 0,44,0,20 0,64,0,12 0,15,0,3 0,3,0,7 0,14,0,6 0,0,0,32 0,32,0,4 0,20,0,0
tig00018600 40606 0,114,0,0 0,124,0,0 0,18,0,0 0,19,1,0 0,20,0,0 0,38,0,0 0,38,0,0 0,20,0,0
tig00100579 15820 117,0,0,9 132,0,0,8 20,0,0,0 20,0,0,0 20,0,0,0 40,0,0,0 40,0,0,0 20,0,0,0
tig00063419 17752 0,0,120,0 0,0,132,0 2,0,16,0 0,0,18,0 0,0,16,0 0,0,38,0 0,0,40,0 0,0,20,0
tig00252036 20987 0,0,110,0 0,0,124,0 1,0,19,0 0,0,18,0 0,0,16,0 0,0,38,0 0,0,38,0 0,0,20,0
tig00061438 18938 0,0,124,0 0,0,140,0 2,0,18,0 0,0,20,0 0,0,20,0 0,0,40,0 0,0,40,0 0,0,20,0
tig00011452 112561 0,77,0,7 0,102,0,0 0,18,0,0 0,13,0,1 0,14,0,0 0,24,0,0 0,30,0,0 0,18,0,0
tig01933643 3444 0,5,73,0 0,6,90,0 0,0,14,0 0,0,16,0 0,0,18,0 0,2,28,0 0,0,36,0 0,0,20,0
tig00250375 44491 0,5,0,75 0,0,0,94 0,0,0,8 0,0,0,10 0,0,0,14 0,0,0,20 0,0,0,20 0,0,0,6
tig00254796 9323 0,120,0,0 0,132,0,0 0,18,0,0 0,20,0,0 0,19,1,0 0,38,0,0 0,38,0,0 0,20,0,0
tig01928650 198258 0,0,0,122 0,0,0,134 0,0,0,20 0,0,0,20 0,0,0,20 3,0,0,37 0,0,0,40 0,0,0,18
tig00250798 141652 0,0,0,118 0,0,0,122 0,1,0,17 0,0,0,20 0,0,0,18 0,0,0,40 0,0,0,38 0,0,0,20
tig00002025 4080 0,78,0,16 0,75,0,21 0,12,0,0 0,8,0,6 0,18,0,0 0,36,0,0 0,20,0,0 0,10,0,0
tig01934465 8440 0,84,0,0 0,94,0,0 0,12,0,2 0,10,0,0 0,16,0,0 0,24,0,0 0,18,0,0 0,8,0,0
tig00013396 67374 0,114,0,0 0,132,0,0 1,17,0,0 0,16,0,0 0,18,0,0 0,38,0,0 0,38,0,0 0,20,0,0
tig00259434 46527 37,0,83,0 42,0,90,0 5,0,13,0 5,0,15,0 7,0,13,0 5,0,35,0 19,0,21,0 4,0,16,0
tig00008790 38812 0,118,0,0 0,132,0,0 1,19,0,0 0,20,0,0 0,20,0,0 0,40,0,0 0,40,0,0 0,18,0,0
tig01936130 4779 38,54,0,0 47,73,0,0 9,3,0,0 1,17,0,0 8,6,0,0 22,0,0,0 0,32,0,0 1,17,0,0
tig00245881 95816 0,109,11,0 0,117,21,0 0,20,0,0 0,14,6,0 0,18,0,0 0,40,0,0 0,38,0,0 0,18,0,0
tig00249397 15049 0,122,0,0 0,140,0,0 0,17,1,0 0,18,0,0 0,20,0,0 0,36,0,0 0,40,0,0 0,20,0,0
tig00119894 4229 0,0,0,124 0,0,0,134 0,0,0,20 0,0,1,19 0,0,0,20 0,0,0,40 0,0,0,40 0,0,0,20
tig00048243 27194 112,0,0,0 120,0,0,0 19,0,1,0 20,0,0,0 20,0,0,0 38,0,0,0 40,0,0,0 20,0,0,0
tig00254626 42159 0,120,0,0 0,124,0,0 0,18,0,2 0,20,0,0 0,20,0,0 0,40,0,0 0,38,0,0 0,20,0,0
tig00020598 65857 114,0,0,0 118,0,0,0 18,0,0,0 17,0,0,1 20,0,0,0 38,0,0,0 38,0,0,0 20,0,0,0
tig00249433 41393 0,0,0,110 0,0,0,104 0,0,0,18 0,0,0,20 0,0,0,14 0,0,0,38 0,0,0,40 1,0,0,19
tig00039254 20633 102,0,0,0 130,0,0,0 18,0,0,0 20,0,0,0 15,0,1,0 32,0,0,0 40,0,0,0 20,0,0,0
tig00017814 39860 17,0,99,0 14,0,104,0 0,0,20,0 2,0,18,0 0,0,20,0 0,0,40,0 0,0,36,0 0,0,18,0
tig00246397 75296 0,0,0,118 0,0,0,130 0,0,0,20 2,0,0,18 0,0,0,18 0,0,0,40 0,0,0,36 0,0,0,18
tig00252884 16676 0,0,0,110 0,0,0,114 0,3,0,17 0,0,0,18 0,0,0,20 0,0,0,36 0,0,0,38 0,0,0,20
tig00051845 39709 0,0,122,0 0,0,130,0 0,0,17,3 0,0,18,0 0,0,20,0 0,0,38,0 0,0,40,0 0,0,20,0
tig00021987 37827 0,0,0,82 0,0,0,84 0,0,0,8 0,0,0,14 0,0,0,18 1,0,0,23 0,0,0,6 0,0,0,10
tig00044357 26895 0,0,0,122 0,0,0,138 0,0,0,18 0,0,1,19 0,0,0,20 0,0,0,40 0,0,0,40 0,0,0,20
tig00055632 15313 31,0,92,0 49,0,87,0 0,0,20,0 0,0,20,0 0,0,20,0 0,0,40,0 0,0,40,0 0,0,20,0
tig00252418 61785 102,0,0,0 110,0,0,0 18,0,0,0 18,0,0,0 20,0,0,0 38,0,0,0 18,0,22,0 17,0,1,0
tig01939229 2999 0,60,0,0 0,85,0,5 0,16,0,0 0,11,0,3 0,7,0,3 0,15,0,7 0,28,0,0 0,18,0,0
tig00021180 34685 0,0,116,0 6,0,110,0 0,0,18,0 0,0,18,0 8,0,8,0 2,0,36,0 0,0,40,0 0,0,20,0
tig00054548 22904 122,0,0,0 124,0,0,0 19,0,0,1 20,0,0,0 20,0,0,0 40,0,0,0 40,0,0,0 20,0,0,0
tig00085728 6928 24,0,98,0 31,0,103,0 5,0,15,0 1,0,19,0 0,0,16,0 0,0,40,0 0,0,40,0 0,0,20,0
tig00031166 22881 24,0,0,2 30,0,0,2 10,0,0,0 6,0,0,0 10,0,0,0 12,0,0,0 20,0,0,0 18,0,0,0
tig00010420 31217 103,0,0,21 101,0,0,25 15,0,0,5 20,0,0,0 20,0,0,0 34,0,0,6 38,0,0,0 20,0,0,0
tig00262054 22643 0,0,77,14 0,0,98,12 0,0,16,0 0,0,20,0 0,0,20,0 0,0,38,0 0,0,38,0 0,0,18,0
tig00246989 75630 45,0,77,0 52,0,84,0 5,0,15,0 8,0,12,0 2,0,18,0 13,0,27,0 8,0,30,0 5,0,15,0
tig00010599 16064 25,0,26,0 8,0,28,0 0,0,6,0 2,0,10,0 6,0,8,0 0,0,10,0 0,0,20,0 0,0,8,0
tig00250996 23193 0,86,0,0 0,76,0,0 0,16,0,0 0,10,0,0 0,14,0,0 0,26,0,0 0,13,0,3 0,4,0,2
tig00010584 54447 0,0,0,112 0,0,0,126 0,0,0,20 0,0,0,18 0,0,0,20 0,0,0,40 0,14,0,26 0,3,0,17
tig00013081 16409 5,0,0,103 8,0,0,118 0,0,0,18 0,0,0,20 0,0,0,20 0,0,0,38 0,0,0,36 0,0,0,18
tig00031078 14521 126,0,0,0 134,0,0,0 18,0,0,0 19,0,0,1 20,0,0,0 38,0,0,0 40,0,0,0 20,0,0,0
tig00261130 36774 42,0,0,0 68,0,0,0 18,0,0,0 12,0,0,0 18,0,0,0 30,0,0,0 19,0,1,0 14,0,0,0
tig01929099 16582 0,0,110,0 0,0,110,0 0,0,20,0 0,0,14,0 0,0,16,0 0,0,36,0 0,0,33,3 0,0,10,8
tig01932475 6562 0,0,54,0 0,0,40,0 2,0,6,0 0,0,18,0 0,0,14,0 0,0,26,0 0,0,28,0 0,0,10,0
tig00015352 16957 102,0,0,0 120,0,0,0 14,0,0,0 16,0,0,0 18,0,0,0 36,0,0,0 36,0,2,0 18,0,0,0
tig00068784 7759 0,0,0,78 0,0,0,104 0,0,0,16 0,0,0,16 0,0,0,14 0,3,0,25 0,0,0,38 0,0,0,20
tig01936323 1867 42,0,32,0 47,0,37,0 8,0,8,0 9,0,5,0 6,0,12,0 15,0,13,0 22,0,12,0 9,0,7,0
tig00014263 57044 0,66,0,60 0,92,0,48 0,17,0,3 0,10,0,10 0,19,0,1 0,36,0,0 0,40,0,0 0,20,0,0
tig00023196 14416 0,126,0,0 0,140,0,0 0,19,0,1 0,20,0,0 0,20,0,0 0,40,0,0 0,40,0,0 0,20,0,0
tig00058533 10133 0,0,124,0 0,0,140,0 1,0,17,0 0,0,18,0 0,0,20,0 0,0,38,0 0,0,40,0 0,0,18,0
tig00260129 14101 0,0,0,42 0,0,0,48 2,0,0,12 0,0,0,8 0,0,0,8 0,0,0,20 0,0,0,20 0,0,0,6
tig01930385 19459 0,122,0,0 0,132,0,0 0,19,0,1 0,20,0,0 0,20,0,0 0,38,0,0 0,40,0,0 0,20,0,0
tig00033361 6592 97,0,5,0 118,0,0,0 14,0,0,0 14,0,0,0 18,0,0,0 32,0,0,0 34,0,0,0 16,0,0,0
tig00257759 2779 44,0,0,0 74,0,0,0 8,0,0,0 12,0,0,0 13,0,0,1 28,0,0,0 16,0,0,0 12,0,0,0
tig00027724 22312 0,0,38,0 0,0,48,0 0,0,6,0 0,0,9,2 0,0,14,0 0,0,18,0 0,0,22,0 0,0,12,0
tig00260133 18031 0,126,0,0 8,132,0,0 0,20,0,0 0,20,0,0 0,20,0,0 0,40,0,0 0,40,0,0 0,20,0,0
tig00055579 42301 0,0,0,118 0,0,0,124 0,0,0,18 0,0,0,14 0,0,0,20 0,0,0,38 0,0,0,38 0,0,1,19
tig00040858 16346 0,0,0,126 0,0,0,140 0,0,0,20 0,1,0,19 0,0,0,20 0,0,0,40 0,0,0,40 0,0,0,20
tig00134010 965 0,0,0,116 0,0,0,136 1,0,0,15 0,0,0,20 0,0,0,20 0,0,0,40 0,0,0,40 0,0,0,20
tig00008723 41513 126,0,0,0 140,0,0,0 18,0,2,0 20,0,0,0 20,0,0,0 40,0,0,0 40,0,0,0 20,0,0,0
tig00027343 43964 0,0,0,112 0,0,0,134 0,0,0,18 0,1,0,17 0,0,0,16 0,0,0,38 0,0,0,40 0,0,0,20
tig01930615 27992 0,0,100,0 0,0,126,0 0,1,19,0 0,0,16,0 0,0,12,0 0,0,32,0 0,0,34,0 0,0,18,0
tig00253943 20218 0,0,0,124 0,0,0,138 0,0,0,16 1,0,0,15 0,0,0,20 0,0,0,38 0,0,0,40 0,0,0,20
tig01939252 19059 0,0,112,0 0,0,128,0 1,0,19,0 0,0,18,0 0,0,20,0 0,0,38,0 0,0,40,0 0,0,20,0
tig01939253 5203 0,0,0,38 0,0,0,52 0,0,0,8 0,0,0,6 1,0,0,9 0,0,0,24 0,0,0,30 0,0,0,10
tig01928645 173801 0,120,0,0 0,130,0,0 0,18,0,0 0,20,0,0 0,16,0,4 0,40,0,0 0,36,0,0 0,20,0,0
tig00254322 39373 0,114,0,0 0,140,0,0 0,16,0,2 0,20,0,0 0,18,0,0 0,36,0,0 0,36,0,0 0,20,0,0
tig00025216 6083 96,0,0,0 122,0,0,0 20,0,0,0 20,0,0,0 19,0,0,1 36,0,0,0 38,0,0,0 20,0,0,0
tig00254832 10946 0,0,0,124 0,0,0,138 0,0,0,20 0,0,0,18 0,0,0,20 0,0,0,40 0,0,0,40 1,0,0,19
tig00020728 12039 0,0,12,112 0,0,11,123 0,0,1,19 0,0,3,17 0,0,2,18 0,0,3,37 0,0,2,36 0,0,2,18
tig00092974 11814 0,0,99,17 0,0,109,27 0,0,18,0 0,0,18,0 0,0,20,0 0,0,38,0 0,0,38,0 0,0,18,0
tig00046504 7717 0,43,0,77 0,32,0,96 0,0,0,18 0,3,0,15 0,0,0,20 0,0,0,36 0,0,0,36 0,0,0,20
tig00053874 6103 63,0,53,0 58,0,66,0 12,0,8,0 3,0,17,0 13,0,5,0 31,0,5,0 20,0,18,0 13,0,7,0
tig00046406 12483 0,0,124,0 0,0,134,0 0,0,20,0 0,0,16,0 0,0,20,0 0,0,38,0 8,0,30,0 5,0,15,0
tig00252025 44927 0,0,0,110 0,0,0,134 2,0,0,18 0,0,0,20 0,0,0,18 0,0,0,34 0,0,0,38 0,0,0,20
tig00003092 14647 16,64,0,0 21,71,0,0 5,7,0,0 1,19,0,0 7,7,0,0 11,23,0,0 7,21,0,0 1,17,0,0
tig00006365 17551 0,66,0,0 0,82,0,0 0,13,0,1 0,8,0,0 0,8,0,0 0,20,0,0 0,32,0,0 0,16,0,0
tig00011385 61660 24,92,0,0 40,94,0,0 0,18,0,0 11,7,0,0 0,18,0,0 0,38,0,0 0,38,0,0 0,20,0,0
tig00088862 20922 0,0,112,0 0,0,124,0 0,0,16,0 0,0,20,0 0,0,18,0 0,0,40,0 0,0,36,0 1,0,17,0
tig00106914 8318 0,0,0,100 0,0,0,104 0,1,0,17 0,0,0,18 0,0,0,16 0,0,0,34 0,0,0,32 0,0,0,20
tig01930276 5827 0,102,0,0 0,126,0,0 1,13,0,0 0,12,0,0 0,14,0,0 0,28,0,0 0,28,0,0 0,10,0,0
tig00100702 13485 0,126,0,0 0,133,0,7 0,16,0,2 0,20,0,0 0,19,0,1 0,40,0,0 0,40,0,0 0,20,0,0
tig00261553 5237 0,120,0,0 0,130,0,0 0,20,0,0 0,17,1,0 0,18,0,0 0,40,0,0 0,40,0,0 0,20,0,0
tig00250726 17252 0,0,0,120 0,0,0,126 0,2,0,18 0,0,0,20 0,0,0,20 0,0,0,40 0,0,0,40 0,0,0,20
tig01930657 7457 0,0,0,122 0,0,0,120 0,0,0,16 0,1,0,19 0,0,0,18 0,0,0,36 0,10,0,28 0,1,0,17
tig00098859 11138 0,0,0,98 0,0,0,104 0,0,0,18 0,0,0,16 0,0,0,18 0,0,0,34 0,0,0,28 1,0,0,11
tig00248349 16064 0,120,0,0 0,134,0,0 0,20,0,0 0,20,0,0 0,18,0,0 0,40,0,0 0,38,0,0 0,19,0,1
tig00247392 50171 60,66,0,0 73,67,0,0 9,9,0,0 10,10,0,0 9,11,0,0 21,19,0,0 19,21,0,0 10,10,0,0
tig00063194 4886 96,0,0,24 110,0,0,24 20,0,0,0 14,0,0,6 20,0,0,0 36,0,0,0 38,0,0,0 20,0,0,0
tig00069434 12821 114,0,0,0 130,0,0,0 20,0,0,0 18,0,0,0 20,0,0,0 36,0,0,0 36,0,0,0 17,0,1,0
tig01928635 28125 0,0,99,11 0,0,130,0 0,0,16,0 0,0,18,0 0,0,18,0 0,0,40,0 0,0,38,0 0,0,16,4
tig00069920 5771 0,47,0,77 0,60,0,80 0,10,0,10 0,8,0,12 0,10,0,10 0,20,0,20 0,19,0,21 0,11,0,9
tig01940109 10245 0,0,120,0 0,0,130,0 3,0,17,0 0,0,20,0 0,0,20,0 0,0,40,0 0,0,40,0 0,0,20,0
tig00255162 51617 0,0,0,124 0,0,0,140 0,0,0,20 1,0,0,19 0,0,0,20 0,0,0,40 0,0,0,40 0,0,0,20
tig00035004 9277 0,0,100,0 0,0,126,0 0,0,16,0 0,0,16,0 0,0,20,0 0,0,34,0 0,5,31,0 0,4,12,0
tig00016857 79973 120,0,0,0 132,0,0,0 18,0,2,0 20,0,0,0 20,0,0,0 40,0,0,0 40,0,0,0 18,0,0,0
tig00245832 102012 118,0,0,0 130,0,0,0 18,0,0,0 19,1,0,0 20,0,0,0 38,0,0,0 40,0,0,0 20,0,0,0
tig00027996 32550 110,0,0,0 128,0,0,0 20,0,0,0 18,0,0,0 15,0,1,0 36,0,0,0 40,0,0,0 18,0,0,0
tig00249428 33986 0,126,0,0 0,138,0,0 0,15,3,0 0,20,0,0 0,20,0,0 0,40,0,0 0,40,0,0 0,20,0,0
tig00256457 22814 0,16,0,108 0,14,0,124 0,7,0,13 0,2,0,18 0,2,0,18 0,4,0,36 0,15,0,25 0,4,0,16
tig00252518 11810 28,0,0,0 40,0,0,0 10,0,0,0 8,0,0,0 8,0,0,0 18,0,0,0 6,0,8,0 10,0,0,0
tig01933177 4933 5,0,0,81 6,0,0,80 3,0,0,11 0,0,0,8 5,0,0,3 0,0,0,24 0,0,0,28 0,0,0,14
tig00039066 14467 0,0,0,98 0,0,0,102 1,0,0,17 0,0,0,18 0,0,0,18 0,0,0,36 0,0,0,26 0,0,0,14
tig00079445 3291 0,0,124,0 0,0,136,0 0,0,18,0 0,0,20,0 0,0,20,0 0,0,38,0 0,0,21,19 0,0,5,15
tig00259325 18022 0,0,124,0 0,0,138,0 0,0,20,0 0,0,16,0 0,0,20,0 0,0,38,0 0,3,37,0 0,11,9,0
tig01930126 11042 63,0,63,0 72,0,66,0 12,0,8,0 10,0,10,0 11,0,9,0 19,0,21,0 21,0,19,0 10,0,10,0
tig00247316 62113 0,0,116,0 0,0,118,0 0,0,16,0 0,1,17,0 0,0,18,0 0,0,36,0 0,0,40,0 0,0,18,0
tig00252540 33182 0,0,42,0 0,0,52,0 0,0,8,0 0,0,8,0 0,0,14,0 0,0,14,0 0,0,14,0 0,0,8,2
tig00076366 8325 0,0,110,0 0,0,128,0 1,0,19,0 0,0,20,0 0,0,20,0 0,0,36,0 0,0,40,0 0,0,18,0
tig01940258 19438 0,122,0,0 0,136,0,0 0,20,0,0 0,16,0,0 0,18,0,0 0,40,0,0 2,38,0,0 0,20,0,0
tig00067009 1500 0,0,42,0 0,0,34,0 0,2,4,0 0,6,6,0 0,0,14,0 0,0,32,0 0,8,26,0 0,2,10,0
tig00086428 17049 0,118,0,0 0,130,0,0 1,17,0,0 0,20,0,0 0,18,0,0 3,37,0,0 0,40,0,0 0,20,0,0
tig00090618 12464 110,0,0,0 124,0,0,8 15,0,0,5 18,0,0,0 17,0,0,1 40,0,0,0 38,0,0,0 18,0,0,0
tig00012051 23996 0,0,118,0 0,0,136,0 0,0,18,0 0,0,18,0 0,0,20,0 0,0,38,0 0,0,40,0 0,0,19,1
tig00054278 9538 0,0,0,116 0,0,0,130 0,0,0,16 0,1,0,15 0,0,0,20 0,0,0,40 0,0,0,38 0,0,0,20
tig01929200 34945 118,0,0,0 126,0,0,0 15,0,0,3 20,0,0,0 20,0,0,0 38,0,0,0 38,0,0,0 20,0,0,0
tig00090994 11817 0,0,102,0 0,0,102,0 1,0,17,0 0,0,16,0 0,0,14,0 0,0,30,0 0,0,30,0 0,0,16,0
tig01929813 52079 122,0,0,0 136,0,0,0 16,0,0,0 20,0,0,0 20,0,0,0 40,0,0,0 36,0,0,2 20,0,0,0
tig00079695 5073 0,0,0,106 0,0,0,128 0,0,0,18 0,0,0,20 0,0,0,14 0,0,0,26 0,0,0,38 0,1,0,19
tig00262780 31593 116,0,0,0 134,0,0,0 17,3,0,0 20,0,0,0 18,0,0,0 37,3,0,0 38,0,0,0 18,0,0,0
tig00052264 10975 122,0,0,0 122,0,0,0 10,2,0,0 14,0,0,0 18,0,0,0 36,0,0,0 30,0,0,0 18,0,0,0
tig01929675 75317 0,0,118,0 0,0,132,0 0,0,20,0 0,0,20,0 0,0,20,0 0,0,38,0 0,0,40,0 0,1,19,0
tig01931036 20491 0,0,50,0 0,0,52,0 0,0,14,0 0,0,8,0 0,0,12,0 0,2,29,0 0,0,24,0 0,0,10,0
tig01933380 5996 0,0,0,116 0,0,0,130 0,0,0,18 4,0,0,14 0,0,0,18 0,0,0,24 0,0,0,36 0,0,0,18
tig00048081 20002 0,82,12,0 0,93,23,0 0,18,0,0 0,10,6,0 0,18,0,0 0,34,0,0 0,30,0,0 0,14,0,0
tig00252332 40183 0,0,0,118 0,0,0,130 0,0,0,18 0,0,0,20 1,0,0,17 0,0,0,38 0,0,0,40 0,0,0,20
tig00060784 22539 122,0,0,0 136,0,0,0 20,0,0,0 18,0,0,0 20,0,0,0 40,0,0,0 40,0,0,0 19,0,0,1
tig00001605 32078 0,7,0,113 0,12,0,124 0,2,0,18 0,6,0,14 0,4,0,16 0,9,0,29 0,6,0,34 0,2,0,16
tig00087849 18550 0,0,102,0 0,0,114,0 0,0,16,0 0,0,15,1 0,0,20,0 0,0,34,0 0,0,34,0 0,0,20,0
tig00027890 21061 0,0,116,0 0,0,140,0 0,0,18,0 0,0,20,0 0,0,20,0 0,0,38,0 0,0,38,2 0,0,18,2
tig00247531 16835 116,0,0,0 132,0,0,0 18,0,0,0 20,0,0,0 19,0,1,0 40,0,0,0 40,0,0,0 20,0,0,0
tig00105346 13365 0,115,9,0 0,128,8,0 0,20,0,0 0,18,2,0 0,19,1,0 0,40,0,0 0,40,0,0 0,20,0,0
tig00251731 36899 0,0,118,0 0,0,126,0 1,0,19,0 0,0,20,0 0,0,16,0 0,0,40,0 0,0,40,0 0,0,20,0
tig00007969 7028 126,0,0,0 138,0,0,0 18,2,0,0 20,0,0,0 20,0,0,0 40,0,0,0 40,0,0,0 20,0,0,0
tig00107663 10678 0,0,0,66 0,0,0,92 0,1,0,11 0,0,0,16 0,0,0,10 0,0,0,30 0,0,0,32 0,0,0,14
tig00111377 5244 89,0,37,0 109,0,31,0 14,0,6,0 19,0,1,0 15,0,5,0 32,0,8,0 31,0,9,0 12,0,8,0
tig01933502 23499 0,66,0,0 0,58,0,0 0,12,0,0 0,12,0,0 0,14,0,0 0,26,0,0 0,18,2,0 0,12,0,0
tig00075811 11890 0,0,126,0 0,0,140,0 0,0,20,0 1,0,19,0 0,0,20,0 0,0,40,0 0,0,40,0 0,0,20,0
tig00096728 7692 78,0,0,8 96,0,0,0 14,0,0,0 16,0,0,0 18,0,0,0 28,0,0,0 34,0,0,0 10,0,0,0
tig01929144 14953 0,0,120,0 0,0,134,0 0,1,17,0 0,0,20,0 0,0,18,0 0,0,40,0 0,0,40,0 0,0,20,0
tig01932826 39400 0,0,86,0 0,0,100,0 0,0,14,0 0,0,16,0 0,0,18,0 0,0,34,0 2,0,26,0 0,0,6,0
tig00050153 15589 0,0,114,0 0,0,138,0 0,0,20,0 0,0,20,0 0,1,19,0 0,0,40,0 0,0,40,0 0,0,20,0
tig00059996 4609 12,0,0,94 8,0,0,86 0,0,0,10 4,0,0,14 3,0,0,17 0,0,0,30 0,0,0,12 0,0,0,6
tig00060722 11777 0,0,0,88 0,0,0,98 0,0,0,16 1,0,0,9 0,0,0,14 0,0,0,32 0,0,0,40 0,0,0,20
tig00032529 19911 0,122,0,0 0,134,0,0 0,18,0,0 0,20,0,0 0,20,0,0 0,40,0,0 0,40,0,0 5,15,0,0
tig00010874 18832 0,0,25,101 0,0,29,111 0,0,1,19 0,0,2,18 0,0,0,16 0,0,0,38 0,0,0,40 0,0,0,20
tig00032301 17590 0,0,0,112 0,0,0,130 0,0,0,16 1,0,0,17 0,0,0,20 0,0,0,40 0,0,0,40 0,0,0,18
tig00016360 9473 0,0,0,118 0,0,0,132 0,0,1,19 0,0,0,20 0,0,0,20 0,0,0,40 0,0,0,40 0,0,0,18
tig00030365 7270 0,0,0,74 0,0,0,100 0,0,0,6 0,0,0,8 0,0,0,8 0,0,0,22 0,0,0,18 0,0,1,15
tig00256317 41452 0,0,114,0 0,0,130,0 0,0,18,0 1,0,17,0 0,0,20,0 0,0,32,0 0,0,38,0 0,0,20,0
tig00260240 235 45,0,0,81 58,0,0,80 8,0,0,12 7,0,0,13 11,0,0,9 20,0,0,20 16,0,0,24 6,0,0,14
tig00085346 8116 0,98,0,0 0,114,0,0 0,19,0,1 0,16,0,0 0,20,0,0 0,34,0,0 0,30,0,0 0,18,0,0
tig00027337 8278 7,0,89,0 0,0,118,0 1,0,11,0 0,0,18,0 0,0,18,0 0,0,36,0 0,0,36,0 0,0,20,0
tig00011323 46216 0,0,110,12 0,0,132,0 0,0,20,0 0,0,14,2 0,0,17,1 0,0,40,0 0,0,38,0 0,0,8,2
tig00246043 38507 0,0,0,120 0,0,0,138 0,0,0,20 0,0,0,20 0,0,0,18 0,0,0,38 0,2,0,38 0,0,0,20
tig00085268 19895 25,0,0,99 23,0,0,115 0,0,0,18 6,0,0,14 7,0,0,13 0,0,0,40 0,0,0,40 0,0,0,18
tig00252723 12426 0,0,126,0 0,0,140,0 0,0,20,0 3,0,17,0 0,0,20,0 0,0,40,0 0,0,40,0 0,0,20,0
tig00036402 10953 0,0,52,0 3,0,61,0 0,0,6,0 0,0,6,0 0,0,10,0 0,0,30,0 0,0,18,0 0,0,8,0
tig00251650 32851 112,0,0,0 130,0,0,0 18,0,0,0 20,0,0,0 14,0,4,0 36,0,0,0 36,0,0,0 20,0,0,0
tig00080993 4676 0,0,112,0 0,0,128,0 0,0,20,0 0,0,20,0 0,0,20,0 0,0,40,0 0,0,32,8 0,0,17,3
tig00010636 67214 0,71,0,13 0,87,0,7 0,7,0,3 0,10,0,0 0,14,0,0 0,34,0,0 0,30,0,0 0,20,0,0
tig00114775 4695 0,77,0,43 0,92,0,42 0,15,0,5 0,18,0,2 0,13,0,7 0,32,0,2 0,26,0,14 0,13,0,7
tig00246175 76328 0,113,11,0 0,138,0,0 0,20,0,0 0,20,0,0 0,20,0,0 0,40,0,0 0,40,0,0 0,20,0,0
tig00251971 12232 98,22,0,0 117,13,0,0 14,4,0,0 15,5,0,0 13,5,0,0 32,8,0,0 29,7,0,0 5,1,0,0
tig00261128 5785 0,106,0,0 0,124,0,0 0,18,0,0 0,20,0,0 0,16,0,0 0,34,0,2 0,34,0,0 0,14,0,0
tig01931055 44728 0,0,124,0 0,0,134,0 0,0,18,0 0,0,20,0 1,0,19,0 0,0,40,0 9,0,31,0 4,0,16,0
tig00054076 3093 0,77,0,31 0,92,0,36 0,12,0,2 0,20,0,0 0,14,0,4 0,30,0,4 0,40,0,0 0,19,0,1
tig00058681 33324 80,14,0,0 109,21,0,0 18,2,0,0 13,3,0,0 14,4,0,0 28,2,0,0 24,8,0,0 13,3,0,0
tig00075044 9353 0,0,114,0 0,0,128,0 0,1,19,0 0,0,20,0 0,0,20,0 0,0,40,0 0,0,40,0 0,0,20,0
tig00084319 8917 78,0,0,0 86,0,0,0 10,0,0,0 14,0,0,0 7,0,11,0 30,0,0,0 28,0,0,0 16,0,0,0
tig00118990 8862 0,0,124,0 0,0,140,0 0,0,19,1 0,0,20,0 0,0,20,0 0,0,40,0 0,0,38,0 0,0,20,0
tig00251648 28029 0,0,126,0 0,0,140,0 0,0,18,0 0,0,16,0 0,0,20,0 0,0,40,0 0,0,40,0 1,0,19,0
tig01929192 22739 17,0,99,0 21,0,111,0 0,0,20,0 2,0,18,0 0,0,18,0 0,0,40,0 0,0,38,0 0,0,20,0
tig00087020 8652 0,0,0,126 0,0,0,140 0,0,0,20 0,0,1,19 0,0,0,20 0,0,0,40 0,0,0,40 0,0,0,20
tig00087020 15149 0,122,0,0 0,136,0,0 0,18,0,0 0,20,0,0 0,20,0,0 0,38,0,0 0,31,0,7 0,17,0,1
tig00075681 12125 20,0,106,0 21,0,119,0 5,0,15,0 3,0,17,0 4,0,16,0 12,0,28,0 5,0,35,0 5,0,15,0
tig00251110 94151 0,0,118,0 0,0,138,0 0,0,20,0 1,0,17,0 1,0,19,0 4,0,36,0 16,0,20,0 11,0,9,0
tig00257399 16140 0,122,0,0 0,138,0,0 0,20,0,0 0,20,0,0 0,20,0,0 0,40,0,0 0,38,0,0 0,17,0,1
tig00019540 8086 0,90,0,16 0,100,0,16 0,17,0,1 0,16,0,2 0,18,0,0 0,40,0,0 0,40,0,0 0,18,0,0
tig01937358 7656 0,0,0,86 0,0,0,100 0,0,2,12 0,0,0,16 0,0,0,20 0,0,0,38 0,0,0,38 0,0,0,12
tig00062651 12939 116,0,0,0 138,0,0,0 18,2,0,0 20,0,0,0 20,0,0,0 38,0,0,0 34,0,0,0 14,0,0,0
tig00103360 1600 0,8,0,74 0,18,0,86 0,0,0,18 0,4,0,7 0,0,0,18 0,0,0,32 0,0,0,38 0,0,0,20
tig01936276 3708 0,92,0,20 0,121,0,17 0,15,0,5 0,10,0,10 0,10,0,10 0,12,0,24 0,12,0,24 0,14,0,6
tig00047616 35999 21,0,0,97 28,0,0,106 3,0,0,15 5,0,0,15 5,0,0,13 0,0,0,38 8,0,0,32 4,0,0,16
tig00135635 13585 122,0,0,0 132,0,0,0 19,0,0,1 20,0,0,0 20,0,0,0 34,0,0,0 36,0,0,0 20,0,0,0
tig01933688 11197 0,59,0,67 0,69,0,71 0,9,0,11 0,9,0,11 0,10,0,10 0,19,0,21 0,18,0,22 0,12,0,8
tig00001646 24528 34,0,92,0 38,0,102,0 2,0,18,0 0,0,20,0 5,0,15,0 19,0,21,0 0,0,40,0 2,0,18,0
tig00002998 3565 0,0,126,0 13,0,127,0 0,0,20,0 2,0,18,0 0,0,20,0 0,0,40,0 0,0,40,0 2,0,18,0
tig00043489 28225 0,0,114,0 0,0,126,0 0,0,16,2 0,0,15,5 0,0,20,0 0,0,40,0 0,0,40,0 0,0,20,0
tig00246351 77687 0,0,122,0 0,0,136,0 1,0,15,0 0,0,20,0 0,0,18,0 0,0,40,0 0,0,38,0 0,0,20,0
tig00260636 6635 0,0,0,124 0,0,0,134 0,0,0,18 1,0,0,17 0,0,0,20 0,0,0,38 0,0,0,36 0,0,0,18
tig00018693 16083 0,0,0,114 0,0,0,130 0,0,0,18 0,0,0,20 0,0,0,20 0,0,0,40 0,0,0,36 1,0,0,15
tig00263734 5537 15,0,111,0 36,0,102,0 6,0,14,0 1,0,19,0 0,0,20,0 0,0,40,0 9,0,31,0 0,0,20,0
tig00103489 9095 0,0,0,108 0,0,0,126 0,0,0,14 0,0,0,14 0,0,0,18 1,0,0,19 0,0,0,28 0,0,0,20
tig00105768 9483 126,0,0,0 140,0,0,0 19,0,0,1 20,0,0,0 20,0,0,0 40,0,0,0 40,0,0,0 20,0,0,0
tig00246749 35977 0,0,0,122 0,0,0,136 0,1,0,19 0,0,0,18 0,0,0,18 0,0,0,38 0,0,0,40 0,0,0,20
tig01932939 40823 0,80,0,0 0,90,0,0 0,11,1,0 0,16,0,0 0,16,0,0 0,24,0,0 0,26,0,0 0,10,0,0
tig00041284 17903 0,0,104,0 0,0,110,0 0,0,16,0 0,0,18,0 3,0,7,0 2,0,20,0 0,0,20,0 0,0,10,0
tig00024889 18993 0,0,118,0 0,0,132,0 0,0,16,0 0,0,20,0 0,0,16,0 0,0,38,0 0,0,40,0 0,1,19,0
tig00026009 50235 6,0,94,0 0,0,120,0 0,0,10,0 0,0,20,0 0,0,10,0 1,0,27,0 0,0,36,0 0,0,16,0
tig00257483 38779 47,0,0,79 58,0,0,76 10,0,0,8 9,0,0,11 12,0,0,4 22,0,0,12 31,0,0,1 18,0,0,0
tig00247165 59618 122,0,0,0 140,0,0,0 19,0,1,0 20,0,0,0 20,0,0,0 40,0,0,0 36,0,0,0 20,0,0,0
tig00009800 30669 0,0,82,0 0,0,90,0 2,0,16,0 0,0,14,0 0,0,16,0 0,0,34,0 0,0,30,0 0,0,14,0
tig00017207 20735 0,0,112,0 0,0,134,0 0,0,16,0 0,0,14,0 0,0,20,0 0,0,38,0 10,0,30,0 3,0,15,0
tig01938314 58144 0,94,0,8 0,96,0,16 0,18,0,0 0,10,0,4 0,12,0,0 0,30,0,0 0,38,0,0 0,20,0,0
tig00013032 19334 0,0,116,0 0,0,136,0 0,0,20,0 0,1,17,0 0,0,20,0 0,0,40,0 0,0,38,0 0,0,20,0
tig00059976 18201 0,0,0,124 0,0,0,138 0,1,0,19 0,0,0,20 0,0,0,20 0,0,0,40 0,0,0,40 0,0,0,20
tig00255259 864 0,0,124,0 0,0,140,0 0,0,20,0 0,0,20,0 0,0,20,0 0,0,40,0 0,0,40,0 1,0,19,0
tig00099210 2986 0,122,0,0 0,140,0,0 0,20,0,0 0,18,0,2 0,20,0,0 0,40,0,0 0,40,0,0 0,20,0,0
tig00257049 51668 0,0,0,120 0,0,0,134 0,0,0,20 1,0,0,19 0,0,0,20 0,0,0,40 0,0,0,40 0,0,0,18
tig00007630 28911 0,29,0,97 0,38,0,102 0,8,0,12 0,7,0,13 0,1,0,17 0,12,0,28 0,12,0,28 0,6,0,12
tig00000308 109490 0,89,0,19 0,97,0,29 0,18,0,0 0,10,0,0 0,20,0,0 0,32,0,0 0,40,0,0 0,19,0,1
tig00024261 31167 0,0,0,108 0,0,0,114 0,0,1,17 0,0,0,16 0,0,0,20 0,0,0,38 0,0,0,36 0,0,0,20
tig00071255 12912 112,0,0,0 124,0,0,0 12,0,0,0 12,0,0,0 16,0,0,0 20,0,0,0 22,0,0,0 15,0,0,1
tig00251484 73636 108,0,0,0 112,0,0,0 15,0,0,1 18,0,0,0 16,0,0,0 38,0,0,0 32,0,0,0 20,0,0,0
tig00013352 29558 0,0,116,0 0,0,124,0 0,0,20,0 0,1,17,0 0,0,16,0 0,0,30,0 0,0,36,0 0,0,20,0
tig00124850 30649 58,0,0,68 70,0,0,70 10,0,0,8 11,0,0,9 10,0,0,10 20,0,0,20 20,0,0,20 10,0,0,10
tig00042312 2523 9,0,0,37 5,0,0,33 2,0,0,6 0,0,0,10 4,0,0,12 1,0,0,17 2,0,0,18 0,0,0,10
tig00008220 31610 0,0,0,122 0,0,0,138 1,0,0,17 0,0,0,20 0,0,0,20 0,0,0,38 0,0,0,40 0,0,0,20
tig01930488 12714 0,0,80,34 0,0,88,40 0,0,12,6 0,0,18,0 0,0,8,10 0,0,8,32 0,0,29,9 0,0,19,1
tig00038675 12562 44,0,82,0 49,0,91,0 7,0,13,0 10,0,10,0 5,0,15,0 16,0,24,0 4,0,36,0 0,0,20,0
tig01938171 9465 0,0,0,108 0,0,0,130 0,0,0,18 0,1,0,19 0,0,0,20 0,0,0,34 0,0,0,38 0,0,0,18
tig00120255 17197 122,0,0,0 124,0,0,0 18,0,0,0 20,0,0,0 20,0,0,0 36,0,0,0 30,8,0,0 20,0,0,0
tig00246249 36175 0,64,0,62 0,71,0,69 0,9,0,11 0,11,0,9 0,10,0,10 0,19,0,21 0,19,0,21 0,10,0,10
tig00252201 10406 124,0,0,0 138,0,0,0 16,0,0,0 20,0,0,0 18,0,0,0 35,0,3,0 38,0,0,0 20,0,0,0
tig00088913 6183 0,0,118,0 0,0,138,0 0,0,20,0 0,0,20,0 0,0,20,0 0,0,38,0 2,0,34,0 0,0,20,0
tig00263635 10419 52,0,0,0 68,0,0,0 13,0,0,1 6,0,0,0 12,0,0,0 36,0,0,0 32,0,0,0 16,0,0,0
tig00250184 78838 0,0,112,0 0,0,132,0 2,0,18,0 0,0,20,0 0,0,20,0 0,0,38,0 0,0,34,0 0,0,18,0
tig00254805 18625 0,32,0,0 0,68,0,0 0,8,0,0 0,12,0,0 0,12,0,0 0,18,0,0 0,18,0,2 0,10,0,0
tig01930618 20016 7,109,0,0 12,122,0,0 2,14,0,0 0,20,0,0 0,20,0,0 2,38,0,0 5,33,0,0 1,19,0,0
tig00246173 52890 9,0,0,115 7,0,0,127 0,0,0,16 0,0,0,20 0,0,0,20 0,0,0,38 0,0,0,40 0,0,0,20
tig00122866 3578 0,0,124,0 0,0,136,0 0,0,20,0 0,0,20,0 1,0,19,0 0,0,40,0 0,0,40,0 0,0,18,0
tig00246173 87108 0,0,124,0 0,0,128,0 0,0,18,0 0,0,20,0 0,0,20,0 0,0,40,0 12,0,28,0 2,0,16,0
tig00040623 26095 0,0,0,124 0,0,0,138 1,0,0,17 0,0,0,20 0,0,0,16 0,0,0,40 0,0,0,38 0,0,0,20
tig00259201 15815 0,118,0,0 0,138,0,0 0,20,0,0 0,19,0,1 0,20,0,0 0,40,0,0 0,40,0,0 0,20,0,0
tig00255047 29260 0,105,6,0 0,128,0,0 0,12,0,0 0,11,7,0 0,15,1,0 0,36,0,0 0,5,21,0 0,9,3,0
tig00037744 14471 0,126,0,0 0,136,0,0 0,18,0,0 0,19,0,1 0,18,0,0 0,40,0,0 0,38,0,0 0,20,0,0
tig00003891 102835 0,115,0,7 0,134,0,0 0,20,0,0 0,18,0,0 0,20,0,0 0,38,0,0 0,40,0,0 0,20,0,0
tig00047956 11187 0,18,0,84 0,30,0,96 0,4,0,14 0,3,0,17 0,6,0,14 0,9,0,27 0,11,0,23 0,8,0,10
tig00112561 6194 36,0,0,0 29,2,0,0 10,0,0,0 6,0,0,0 14,0,0,0 16,0,0,0 26,0,0,0 14,0,0,0
tig00071188 13708 0,0,0,122 0,0,0,138 3,0,0,17 1,0,0,19 0,0,0,20 4,0,0,32 0,0,0,36 3,0,0,13
tig00085595 12194 7,83,0,0 0,116,0,0 0,8,0,0 0,20,0,0 0,18,0,0 0,36,0,0 0,32,0,0 0,14,0,0
tig00248922 30933 9,117,0,0 8,128,0,0 0,20,0,0 3,17,0,0 2,18,0,0 5,35,0,0 0,40,0,0 0,18,0,0
tig00246762 79126 0,0,98,0 0,0,120,0 0,0,12,0 0,1,13,0 0,0,14,0 0,0,22,0 0,0,36,0 0,0,20,0
tig00043187 13893 6,112,0,0 0,120,0,0 0,16,0,0 0,14,0,0 0,12,0,0 0,38,0,0 0,36,0,0 1,19,0,0
tig01928809 3768 0,80,0,0 0,76,0,0 0,10,0,2 0,18,0,0 0,14,0,0 0,18,0,0 0,16,0,0 0,18,0,0
tig00022324 18861 7,0,0,99 0,0,0,124 1,0,0,19 2,0,0,16 0,0,0,18 0,0,0,26 0,0,0,32 0,0,0,18
tig00026666 93514 0,0,0,90 0,0,0,110 0,0,0,20 0,0,0,16 0,0,0,18 0,2,0,24 0,0,0,30 0,0,0,18
tig00068951 2583 122,0,0,0 136,0,0,0 18,0,0,0 18,0,0,0 20,0,0,0 38,0,0,0 40,0,0,0 17,0,0,1
tig00251969 21713 0,112,0,0 0,130,0,0 0,19,0,1 0,16,0,0 0,16,0,4 0,40,0,0 0,38,0,0 0,18,0,0
tig00248971 18762 0,0,0,126 0,0,0,138 2,0,0,18 0,0,0,20 0,0,0,20 2,0,0,38 0,0,0,40 0,0,0,20
tig00027642 21098 0,118,0,0 0,136,0,0 0,20,0,0 0,18,0,2 0,20,0,0 0,38,0,0 0,36,0,0 0,20,0,0
tig00030049 35908 118,0,0,0 132,0,0,0 16,0,0,0 13,0,0,1 16,0,0,0 36,0,0,0 40,0,0,0 20,0,0,0
tig00058127 5361 0,0,0,76 0,0,0,98 0,3,0,15 0,0,0,16 0,0,0,20 0,0,0,34 0,0,0,38 0,0,0,12
tig00010599 70638 10,0,98,0 19,0,105,0 3,0,11,0 0,0,14,0 0,0,16,0 0,0,32,0 6,0,32,0 2,0,18,0
tig00252290 13390 0,112,0,0 0,134,0,0 0,18,2,0 0,20,0,0 0,20,0,0 0,40,0,0 0,40,0,0 0,20,0,0
tig00253339 7025 0,0,0,116 0,0,0,130 1,0,0,19 0,0,0,20 0,0,0,16 0,0,0,36 0,0,0,36 0,0,0,20
tig00249017 51923 0,0,122,0 0,0,134,0 0,0,20,0 0,0,18,0 0,0,20,0 0,0,40,0 0,0,38,0 3,0,17,0
tig00011653 126078 0,0,118,0 8,0,126,0 5,0,13,0 0,0,20,0 1,0,17,0 11,0,27,0 2,0,38,0 0,0,20,0
tig00035838 12080 0,115,0,11 0,119,0,21 0,20,0,0 0,19,0,1 0,20,0,0 0,40,0,0 0,38,0,2 0,19,0,1
tig00095672 27009 0,0,0,122 0,0,0,136 0,0,0,16 0,0,1,17 0,0,0,18 0,0,0,34 0,0,0,38 0,0,0,20
tig00004446 9017 0,68,0,0 0,60,0,0 0,12,0,0 0,15,0,1 0,8,0,0 0,28,0,0 0,16,0,2 0,12,0,0
tig00246621 9401 56,0,0,0 61,5,0,0 6,0,0,0 10,2,0,0 6,0,0,0 6,0,0,0 20,0,0,0 14,0,0,0
tig00257746 10949 62,0,0,0 82,0,0,0 16,0,0,0 5,0,0,1 12,0,0,0 14,0,0,0 40,0,0,0 18,0,0,0
tig00261568 10604 16,0,88,0 12,0,110,0 1,0,17,0 2,0,14,0 6,0,14,0 8,0,28,0 10,0,28,0 8,0,10,0
tig01928947 126901 0,0,0,46 0,0,0,74 0,0,0,14 0,0,0,12 0,0,0,10 2,0,0,16 2,0,0,22 4,0,0,2
tig00012888 91298 0,0,106,0 0,0,102,0 0,0,20,0 0,0,20,0 1,0,17,0 9,0,27,0 6,0,28,0 3,0,17,0
tig00014053 11049 0,0,0,50 0,0,0,44 0,0,0,12 0,0,0,16 0,0,0,10 2,0,0,24 0,0,0,6 0,0,0,10
tig00073805 15013 0,0,0,126 0,0,0,140 0,0,0,20 2,0,0,18 0,0,0,20 0,0,0,40 0,0,0,40 0,0,0,20
tig00115844 5301 0,0,124,0 0,0,130,0 1,0,19,0 0,0,20,0 0,0,20,0 0,0,40,0 0,0,40,0 0,0,18,0
tig00032664 10386 0,0,0,122 0,0,0,134 0,0,0,14 0,1,0,19 0,0,0,20 0,0,0,40 0,4,0,34 0,0,0,20
tig00089185 10923 0,76,0,0 0,110,0,0 0,15,0,1 0,18,0,0 0,16,0,0 0,38,0,0 0,36,0,0 0,18,0,0
tig00073646 15676 0,0,0,118 0,0,0,130 0,0,0,18 0,0,0,18 1,0,0,17 0,0,0,40 0,0,0,40 0,0,0,20
tig00025136 26479 0,107,11,0 0,97,27,0 0,17,1,0 0,18,0,0 0,18,0,0 0,38,0,0 0,40,0,0 0,20,0,0
tig00029416 19533 122,0,0,0 138,0,0,0 20,0,0,0 19,0,0,1 20,0,0,0 38,0,0,0 38,0,0,0 20,0,0,0
tig00257756 34870 73,0,0,33 62,0,0,58 2,0,0,12 12,0,0,8 0,0,0,20 2,0,0,32 0,0,0,38 0,0,0,16
tig00005573 58809 126,0,0,0 140,0,0,0 20,0,0,0 19,0,1,0 19,0,1,0 40,0,0,0 26,0,14,0 13,0,7,0
tig00024214 76828 0,0,0,114 0,0,0,138 2,0,0,18 0,0,0,20 0,0,0,20 0,0,0,40 0,0,0,40 0,0,0,20
tig00254583 20486 0,0,0,118 0,0,0,136 0,2,0,18 0,0,0,20 0,0,0,16 0,0,0,40 0,0,0,38 0,0,0,20
tig00255993 2870 0,68,0,0 0,76,0,0 0,17,0,1 0,14,0,0 0,14,0,0 0,38,0,0 0,32,0,0 0,16,0,0
tig00052346 17333 0,98,0,0 0,110,0,0 1,17,0,0 0,20,0,0 0,18,0,0 0,36,0,0 0,36,0,0 0,14,0,0
tig00259931 8087 0,94,0,28 0,91,0,43 0,13,0,7 0,15,0,5 0,20,0,0 0,27,0,13 0,38,0,2 0,17,0,3
tig00021469 58798 0,0,122,0 0,0,136,0 0,0,18,0 0,0,20,0 0,0,20,0 0,0,36,0 0,0,40,0 0,0,19,1
tig00023718 31414 107,0,0,15 114,0,0,14 18,0,0,2 20,0,0,0 20,0,0,0 38,0,0,0 40,0,0,0 20,0,0,0
tig00054033 23029 0,0,0,122 0,0,0,134 2,0,0,18 0,0,0,20 0,0,0,20 0,0,0,38 0,0,0,38 0,0,0,20
tig00014300 27302 0,126,0,0 0,140,0,0 0,18,0,0 0,20,0,0 0,20,0,0 0,40,0,0 7,33,0,0 0,20,0,0
tig00079401 26922 112,0,0,0 114,0,0,0 16,0,0,0 18,0,0,0 14,0,0,0 16,0,0,0 28,0,0,0 9,0,0,5
tig00024841 55795 0,0,116,0 0,0,112,14 0,0,13,1 0,0,20,0 0,0,19,1 0,0,40,0 0,0,40,0 0,0,20,0
tig00035731 10121 0,0,0,90 0,0,0,104 0,1,0,15 0,0,0,10 0,0,0,20 0,0,0,28 0,0,0,30 0,0,0,14
tig01932252 6029 42,0,0,0 36,0,0,0 12,0,0,0 8,0,0,0 6,0,0,0 20,0,0,0 23,0,0,1 10,0,0,0
tig00249211 13904 0,64,0,62 0,74,0,66 0,11,0,9 0,11,0,9 0,8,0,12 0,20,0,20 0,21,0,19 0,9,0,11
tig00099593 8894 0,0,0,98 0,0,0,106 0,0,0,16 0,0,0,18 0,0,0,16 0,0,0,38 0,0,0,32 0,1,0,17
tig00002955 140239 0,112,0,0 0,130,0,0 0,16,0,0 0,18,0,0 0,20,0,0 0,40,0,0 0,36,0,0 0,17,0,1
tig00032769 4678 0,0,42,0 7,0,61,0 0,0,10,0 0,0,8,0 0,0,8,0 0,0,32,0 0,0,28,0 0,0,12,0
tig00080712 20956 116,0,0,0 138,0,0,0 19,0,1,0 20,0,0,0 18,0,0,0 40,0,0,0 38,0,0,0 20,0,0,0
tig00025492 6850 0,56,60,0 0,79,55,0 0,8,12,0 0,13,3,0 0,12,8,0 0,34,6,0 0,38,0,0 0,18,0,0
tig00064488 8801 0,94,0,26 0,79,0,39 0,3,0,11 0,17,0,3 0,6,0,12 0,12,0,24 0,40,0,0 0,14,0,2
tig00103984 9846 94,0,0,0 104,0,0,0 16,0,0,0 15,0,1,0 16,0,0,0 32,0,0,0 34,0,0,0 12,0,0,0
tig01938351 22541 0,0,0,122 0,0,0,138 0,0,0,20 2,0,0,18 0,0,0,20 0,0,0,38 0,0,0,40 0,0,0,16
tig00246479 44405 112,0,0,0 128,0,0,0 16,0,0,0 19,0,0,1 20,0,0,0 38,0,0,0 36,0,0,0 20,0,0,0
tig00040077 64858 0,0,0,126 0,0,0,138 0,0,0,20 0,0,0,20 0,0,0,20 0,0,0,38 0,0,0,40 2,0,0,18
tig00053414 14366 110,0,12,0 125,0,9,0 11,0,7,0 20,0,0,0 16,0,4,0 40,0,0,0 34,0,6,0 14,0,6,0
tig00246762 126089 12,0,108,0 16,0,116,0 4,0,16,0 0,0,20,0 4,0,16,0 5,0,33,0 0,0,40,0 4,0,16,0
tig00012840 17579 0,66,0,54 0,72,0,66 0,16,0,4 0,8,0,12 0,9,0,11 0,0,0,40 0,31,0,9 0,12,0,8
tig00076826 4636 0,82,0,0 0,82,0,4 0,12,0,0 0,14,0,0 0,10,0,0 0,30,0,0 0,10,0,0 0,12,0,0
tig00021797 89660 17,0,103,0 20,0,112,0 0,0,18,0 11,0,7,0 0,0,18,0 0,0,38,0 0,0,38,0 0,0,20,0
tig00088235 5711 0,90,0,6 0,120,0,0 0,16,0,0 0,18,0,0 0,13,0,1 0,38,0,2 0,36,0,0 0,20,0,0
tig00002811 45202 94,0,0,0 110,0,0,0 19,0,0,1 18,0,0,0 20,0,0,0 40,0,0,0 34,0,0,0 16,0,0,0
tig00007500 108079 0,124,0,0 0,136,0,0 0,17,0,1 0,20,0,0 0,18,0,0 0,30,0,0 0,40,0,0 0,18,0,0
tig00047269 11777 74,0,0,0 92,0,0,0 14,0,0,0 15,0,1,0 18,0,0,0 18,0,0,0 36,0,0,0 18,0,0,0
tig00076083 1943 48,0,0,0 50,0,0,0 10,0,0,0 6,0,0,0 10,0,0,0 22,0,0,0 13,0,0,5 4,0,0,2
tig00030983 23507 0,0,0,50 0,0,0,52 2,0,0,12 0,0,0,8 0,0,0,6 0,0,0,12 0,0,0,24 0,0,0,12
tig00246514 25740 0,0,0,126 0,0,0,138 0,0,0,20 0,0,1,19 0,0,0,20 0,0,0,40 0,0,0,40 0,0,0,20
tig00040791 22049 124,0,0,0 134,0,0,0 19,0,0,1 20,0,0,0 20,0,0,0 36,0,0,0 38,0,0,0 20,0,0,0
tig00067157 21414 0,36,0,0 0,36,0,0 0,8,0,2 0,10,0,0 0,8,0,0 0,28,0,0 0,24,0,0 0,16,0,0
tig00258084 5911 0,112,0,0 0,118,0,0 0,16,0,0 0,14,0,0 0,20,0,0 0,36,0,0 0,36,0,0 0,19,0,1
tig01929922 11768 92,0,0,0 118,0,0,0 16,0,0,0 12,0,0,0 18,0,0,0 32,0,0,0 21,0,0,13 19,0,0,1
tig00017840 12135 116,0,0,0 130,0,0,0 18,0,0,0 20,0,0,0 20,0,0,0 38,0,0,0 40,0,0,0 17,1,0,0
tig00253958 14570 88,0,0,0 102,0,0,0 12,0,0,0 18,0,0,0 15,0,1,0 22,0,0,0 29,0,3,0 8,0,2,0
tig00248534 73468 0,124,0,0 0,138,0,0 0,17,0,3 0,20,0,0 0,14,0,6 0,35,0,5 0,40,0,0 0,20,0,0
tig00007018 102394 0,122,0,0 0,134,0,0 0,16,0,0 0,19,0,1 0,17,0,1 0,38,0,0 0,38,0,0 0,17,0,3
tig00049293 27256 0,0,78,10 0,0,102,6 0,0,15,1 0,0,14,0 0,0,16,0 0,0,34,0 0,0,36,0 0,0,18,0
tig00003991 71328 0,0,112,14 0,0,132,0 0,0,19,1 0,0,20,0 0,0,18,2 0,0,35,3 0,0,40,0 0,0,20,0
tig00052169 27813 0,122,0,0 0,132,0,0 0,17,0,3 0,15,0,3 0,20,0,0 0,40,0,0 0,38,0,0 0,19,0,1
tig01929235 68382 0,0,0,120 0,0,0,138 0,0,0,18 0,0,0,20 0,0,0,20 0,0,0,40 0,0,0,36 0,1,0,19
tig00056342 22687 0,0,0,124 0,0,0,136 0,0,0,20 0,0,0,20 0,0,0,16 0,0,0,36 0,14,0,26 0,1,0,19
tig00080536 2679 0,0,122,0 0,0,132,0 0,0,18,0 0,0,20,0 0,0,18,0 0,0,40,0 0,0,36,0 0,1,19,0
tig00010421 49460 0,0,0,114 0,0,0,134 2,0,0,18 0,0,0,20 0,0,0,20 0,0,0,40 0,0,0,38 0,0,0,20
tig00109490 13048 94,0,0,0 114,0,0,0 12,2,0,0 18,0,0,0 7,3,0,0 23,8,0,0 21,9,0,0 5,9,0,0
tig01932332 20016 0,0,0,44 0,0,0,44 2,0,0,8 0,0,0,10 0,0,0,10 0,0,0,8 0,0,0,6 0,0,0,6
tig00018677 48750 47,0,4,0 48,0,10,0 9,0,3,0 12,0,0,0 14,0,4,0 17,0,11,0 38,0,0,0 12,0,0,0
tig00100977 9689 0,120,0,0 0,128,0,0 0,16,0,0 0,19,0,1 0,20,0,0 0,40,0,0 0,40,0,0 0,18,0,0
tig00098289 14414 0,112,0,0 0,128,0,0 0,16,0,0 0,20,0,0 0,20,0,0 0,40,0,0 0,34,0,0 2,16,0,0
tig00249674 37642 0,126,0,0 0,138,0,0 0,18,0,0 0,20,0,0 0,20,0,0 0,40,0,0 0,36,0,2 0,20,0,0
tig00256371 7507 0,0,44,0 0,0,51,15 0,0,12,0 0,0,12,0 0,0,12,0 0,0,28,0 0,0,28,0 0,0,16,0
tig00047603 5195 0,0,0,32 0,0,0,38 0,0,0,6 0,0,0,8 0,0,0,10 4,0,0,4 0,0,0,8 0,0,0,8
tig00254430 4853 52,0,0,0 64,0,0,0 9,0,0,2 8,0,0,0 15,0,0,3 29,0,0,2 26,0,0,0 14,0,0,0
tig00259851 4189 0,2,0,18 0,0,0,18 0,0,0,8 0,0,0,8 0,0,0,6 0,0,0,16 0,0,0,10 0,0,0,6
tig01931002 6728 0,5,0,65 0,5,0,79 0,0,0,14 0,0,0,10 0,0,0,10 0,0,0,20 0,0,0,24 0,0,0,6
tig01938543 134916 56,0,0,0 64,0,0,0 13,1,0,0 14,0,0,0 12,0,0,0 30,0,0,0 28,0,0,0 18,0,0,0
tig01940053 4242 0,0,0,106 0,0,0,102 0,0,0,18 0,3,0,11 0,4,0,14 0,4,0,32 0,18,0,14 0,8,0,6
tig00121840 16430 0,0,0,108 0,0,0,112 0,0,0,18 0,0,0,20 0,0,0,20 0,0,0,40 0,0,0,36 1,0,0,13
tig00045646 10420 0,0,0,76 0,0,0,104 0,0,0,16 0,0,0,14 0,0,0,14 0,0,0,34 0,0,0,32 2,0,0,12
tig00246381 42054 0,0,120,0 0,0,130,0 0,1,19,0 0,0,20,0 0,0,20,0 0,0,38,0 0,0,40,0 0,0,20,0
tig00259850 23181 0,0,0,78 0,0,0,88 0,0,0,16 0,0,0,16 0,0,0,14 0,0,0,32 0,2,0,22 0,0,0,14
tig00079144 22911 124,0,0,0 128,0,0,0 18,0,0,2 18,0,0,0 18,0,0,0 38,0,0,0 40,0,0,0 18,0,0,0
tig00039653 8850 124,0,0,0 134,0,0,0 17,0,0,1 20,0,0,0 18,0,0,0 36,0,0,0 38,0,0,0 20,0,0,0
tig00260265 52400 14,96,0,0 27,101,0,0 0,20,0,0 6,14,0,0 0,20,0,0 0,36,0,0 0,40,0,0 0,18,0,0
tig00090654 10325 0,104,0,0 0,134,0,0 0,14,0,0 0,16,0,0 0,19,1,0 0,40,0,0 0,24,0,0 0,20,0,0
tig01935708 9651 96,0,0,0 120,0,0,0 16,0,0,0 16,0,0,0 13,1,0,0 38,0,0,0 34,0,0,0 14,0,0,0
tig00250569 14022 0,0,124,0 0,0,140,0 1,0,19,0 0,0,20,0 0,0,20,0 0,0,40,0 0,0,40,0 0,0,20,0
