COUNTSFILE NPOP 8 NSITES 536
CHROM POS Agrav Grav D01 H01 D03 H02 D04 H05
tig00055595 22983 0,52,0,0 0,80,0,0 0,14,0,0 0,9,1,0 0,10,0,0 0,20,0,0 0,22,0,0 0,12,0,0
tig00067451 17146 122,0,0,0 140,0,0,0 20,0,0,0 20,0,0,0 19,0,1,0 40,0,0,0 38,0,0,0 20,0,0,0
tig00038258 24075 0,0,116,0 0,0,126,0 0,0,18,0 0,0,20,0 0,0,20,0 0,0,38,0 0,3,35,0 0,0,14,0
tig00256657 34216 100,0,0,0 122,0,0,0 16,0,0,0 20,0,0,0 20,0,0,0 36,0,0,0 38,0,0,0 17,0,0,1
tig01928645 28909 116,0,0,0 134,0,0,0 18,0,0,0 18,0,0,0 20,0,0,0 40,0,0,0 36,0,0,4 18,0,0,2
tig00054243 5301 0,92,0,0 0,104,0,0 0,18,0,0 0,20,0,0 0,16,0,0 0,40,0,0 19,17,0,0 10,6,0,0
tig00085389 2251 0,27,0,95 0,37,0,101 0,8,0,10 0,3,0,17 0,0,0,20 0,0,0,40 0,0,0,40 0,0,0,18
tig01938284 13938 0,0,0,94 0,0,0,102 0,2,0,16 0,0,0,16 0,0,0,16 0,0,0,32 0,0,0,20 0,0,0,10
tig00004051 22535 0,115,0,9 0,138,0,0 0,18,0,0 0,17,0,3 0,20,0,0 0,40,0,0 0,40,0,0 0,20,0,0
tig00247449 100591 9,107,0,0 11,121,0,0 0,20,0,0 0,20,0,0 0,20,0,0 0,40,0,0 0,40,0,0 0,16,0,0
tig00246355 30459 0,80,0,6 0,87,0,11 0,12,0,4 0,18,0,0 0,12,0,0 0,18,0,0 0,26,0,0 0,14,0,0
tig00039203 33957 0,103,0,9 0,120,0,6 0,20,0,0 0,20,0,0 0,20,0,0 0,38,0,0 0,38,0,0 0,20,0,0
tig00076716 21311 0,0,0,112 0,0,0,128 0,0,0,20 1,0,0,19 0,0,0,18 0,0,0,36 0,0,0,36 0,0,0,20
tig01938718 65301 0,122,0,0 0,136,0,0 1,19,0,0 0,18,0,0 0,18,0,0 0,40,0,0 0,40,0,0 0,18,0,0
tig00002501 180316 120,0,0,0 134,0,0,0 20,0,0,0 18,0,0,0 19,0,0,1 40,0,0,0 40,0,0,0 20,0,0,0
tig00043574 21508 114,0,0,0 140,0,0,0 18,2,0,0 20,0,0,0 20,0,0,0 38,0,0,0 36,0,0,0 20,0,0,0
tig00047013 35333 0,0,124,0 0,0,134,0 0,0,18,0 0,1,19,0 0,0,20,0 0,0,40,0 0,0,40,0 0,0,20,0
tig00009506 52028 0,0,0,124 0,0,0,140 1,0,0,19 0,0,0,18 0,0,0,20 0,0,0,40 0,0,0,40 0,0,0,20
tig00031894 33401 0,36,0,84 0,35,0,104 0,5,0,11 0,9,0,11 0,5,0,15 0,13,0,23 0,7,0,33 0,6,0,14
tig00125552 19340 102,0,0,0 122,0,0,0 18,0,0,0 20,0,0,0 14,0,0,0 40,0,0,0 40,0,0,0 19,1,0,0
tig00253833 61081 0,0,0,104 0,0,0,126 0,0,0,20 0,0,0,20 0,0,0,18 0,0,0,36 0,0,0,36 0,1,0,19
tig00019342 59534 0,0,126,0 0,0,140,0 0,0,20,0 0,0,20,0 0,2,18,0 0,3,37,0 0,0,40,0 0,0,20,0
tig00256008 51695 0,0,122,0 0,0,136,0 0,0,15,1 0,0,20,0 0,0,20,0 0,0,36,0 0,0,36,0 0,0,20,0
tig00012245 10772 0,0,112,14 0,0,120,10 0,0,20,0 0,0,20,0 0,0,12,4 0,0,32,4 0,0,32,8 0,0,15,5
tig00056486 5423 0,124,0,0 0,136,0,0 0,18,0,0 0,17,1,0 0,20,0,0 0,40,0,0 0,40,0,0 0,18,0,0
tig00264537 16190 0,0,0,118 0,0,0,136 2,0,0,18 0,0,0,20 0,0,0,20 0,0,0,40 0,0,0,40 0,0,0,20
tig01933382 2813 0,58,0,60 0,75,0,61 0,10,0,10 0,11,0,9 0,7,0,9 0,23,0,15 0,19,0,19 0,11,0,9
tig00000793 193693 0,104,0,0 0,118,0,0 0,18,0,0 0,20,0,0 0,20,0,0 0,40,0,0 3,37,0,0 3,17,0,0
tig00013194 27030 0,36,0,0 0,42,0,0 0,8,0,0 0,12,0,0 0,12,0,0 0,24,0,0 0,28,0,0 0,11,0,1
tig00040446 9196 0,0,0,118 0,0,0,132 0,1,0,15 0,0,0,20 0,0,0,18 0,0,0,36 0,0,0,40 0,0,0,20
tig00070726 12668 5,0,83,0 0,0,66,0 0,0,8,0 0,0,14,0 2,0,14,0 0,0,38,0 0,0,36,0 0,0,16,0
tig00007746 10106 0,0,0,122 0,0,0,136 0,0,0,20 0,0,0,20 0,0,0,20 0,0,0,40 0,0,0,40 1,0,0,17
tig01928650 62512 124,0,0,0 138,0,0,0 20,0,0,0 12,8,0,0 20,0,0,0 40,0,0,0 40,0,0,0 20,0,0,0
tig00123196 5965 0,0,108,0 10,0,106,0 0,0,18,0 1,0,15,0 0,0,20,0 0,0,40,0 0,0,32,0 0,0,18,0
tig00032148 26832 0,0,0,94 0,0,0,110 1,0,0,19 0,0,0,14 0,0,0,16 0,0,0,26 0,0,0,32 0,0,0,20
tig00053361 19682 0,0,0,60 0,0,0,50 0,0,0,12 0,2,0,8 0,0,0,8 0,0,0,16 0,0,0,18 0,0,0,6
tig00081450 3487 0,0,0,116 0,0,0,128 0,0,1,17 0,0,0,20 0,0,0,20 0,0,0,36 0,0,0,38 0,0,0,20
tig01929854 17108 122,0,0,0 130,0,0,0 16,0,0,0 17,0,0,1 18,0,0,0 36,0,0,0 36,0,0,0 20,0,0,0
tig00139300 2071 0,0,112,0 0,0,112,0 0,1,17,0 0,0,20,0 0,0,20,0 0,0,38,0 0,0,36,0 0,0,16,0
tig00246756 33965 0,120,0,0 0,136,0,0 0,18,0,2 0,20,0,0 0,18,0,0 0,38,0,0 0,40,0,0 0,18,0,0
tig00050114 13240 0,0,108,0 0,0,108,0 0,0,18,0 0,0,17,1 0,0,20,0 0,0,38,2 0,0,36,4 0,0,18,2
tig00073213 47421 0,0,0,122 0,0,0,130 0,2,0,18 0,0,0,20 0,0,0,20 0,0,0,36 0,0,0,38 0,0,0,20
tig00254079 7088 0,54,0,0 0,78,0,0 0,8,0,0 0,7,0,1 0,8,0,0 0,22,0,2 0,20,0,0 0,8,0,0
tig00028821 16556 6,70,0,0 10,84,0,0 2,9,0,0 2,14,0,0 4,8,0,0 3,17,0,0 6,20,0,0 1,15,0,0
tig00047128 22415 0,55,0,45 0,67,0,45 0,13,0,5 0,8,0,0 0,10,0,6 0,14,0,24 0,27,0,5 0,16,0,0
tig00025200 16389 122,0,0,0 132,0,0,0 20,0,0,0 17,0,1,0 20,0,0,0 38,0,0,0 40,0,0,0 18,0,0,0
tig00111036 962 0,0,0,104 0,0,0,136 0,0,0,18 0,0,2,18 0,0,0,20 0,0,0,38 0,0,0,36 0,0,0,20
tig00251159 41922 112,0,6,0 134,0,0,0 16,0,0,0 14,0,2,0 16,0,0,0 38,0,0,0 38,0,0,0 20,0,0,0
tig01929675 60674 0,118,0,0 0,136,0,0 2,16,0,0 0,20,0,0 0,20,0,0 2,36,0,0 0,40,0,0 0,18,0,0
tig00075696 26440 122,0,0,0 140,0,0,0 18,0,0,0 20,0,0,0 18,0,2,0 40,0,0,0 40,0,0,0 20,0,0,0
tig00011653 21767 0,124,0,0 0,136,0,0 0,17,1,0 0,20,0,0 0,20,0,0 0,38,0,0 0,38,2,0 0,19,1,0
tig00042038 5903 0,28,60,0 0,37,63,0 0,5,13,0 0,2,9,0 0,7,7,0 0,15,17,0 0,7,19,0 0,1,11,0
tig00010504 37858 0,12,110,0 0,15,109,0 0,0,16,0 0,4,14,0 0,0,20,0 0,0,32,0 0,0,38,0 0,0,20,0
tig00037502 10662 117,0,0,7 124,0,0,8 20,0,0,0 20,0,0,0 18,0,0,0 40,0,0,0 40,0,0,0 20,0,0,0
tig00249980 67792 0,0,0,122 0,0,0,132 0,0,1,17 0,0,0,18 0,0,0,18 0,0,0,40 0,0,0,38 0,0,0,20
tig00250846 18307 0,0,0,126 0,0,0,140 0,0,0,20 1,0,0,19 0,0,0,20 0,0,0,40 0,0,0,40 0,0,0,20
tig01929303 11586 0,0,66,0 5,0,51,0 3,0,11,0 0,0,14,0 2,0,9,0 7,0,21,0 0,0,20,0 0,0,12,0
tig00067666 26310 0,0,0,106 0,0,0,122 0,0,1,17 0,0,0,16 0,0,0,18 0,0,0,38 0,0,0,36 0,0,0,20
tig00060475 21681 107,0,7,0 112,0,14,0 13,0,5,0 16,0,2,0 20,0,0,0 38,0,0,0 26,0,12,0 19,0,1,0
tig00103766 6585 126,0,0,0 134,0,0,0 16,0,2,0 20,0,0,0 20,0,0,0 38,0,0,0 40,0,0,0 20,0,0,0
tig00036741 28171 0,0,0,124 0,0,0,136 0,0,0,20 0,0,0,20 1,0,0,19 0,0,0,36 0,0,0,40 0,0,0,20
tig00039403 19577 0,0,0,124 0,0,0,136 0,0,0,20 0,0,0,20 0,0,0,20 0,0,0,40 0,0,0,40 0,1,0,19
tig00090657 23521 0,122,0,0 0,138,0,0 0,17,1,0 0,20,0,0 0,20,0,0 0,40,0,0 0,36,0,0 0,20,0,0
tig00003582 110823 77,0,0,39 107,0,0,29 11,0,0,9 16,0,0,4 20,0,0,0 40,0,0,0 40,0,0,0 20,0,0,0
tig00041875 5926 7,0,97,0 0,0,136,0 0,0,16,0 0,0,20,0 0,0,12,0 0,0,36,0 0,0,38,0 1,0,15,0
tig01928627 291035 0,124,0,0 0,138,0,0 2,18,0,0 0,20,0,0 0,20,0,0 0,40,0,0 0,38,0,0 0,20,0,0
tig00032576 11355 0,0,116,0 0,0,112,0 0,1,13,0 0,0,20,0 0,0,20,0 0,0,36,0 0,0,36,0 0,0,20,0
tig00082547 4059 38,82,0,0 54,80,0,0 11,7,0,0 1,19,0,0 15,5,0,0 28,10,0,0 38,2,0,0 12,4,0,0
tig00249380 19683 0,95,0,5 0,120,0,8 0,12,0,4 0,14,0,0 0,18,0,0 0,34,0,0 0,34,0,0 0,14,0,0
tig00085151 10858 0,0,124,0 0,0,136,0 0,0,20,0 0,0,19,1 0,0,18,0 0,0,40,0 0,0,38,0 0,0,20,0
tig00251154 32774 0,0,120,0 0,0,140,0 0,0,19,1 0,0,20,0 0,0,20,0 0,0,38,0 0,0,40,0 0,0,20,0
tig00008761 5637 0,0,124,0 0,0,130,0 0,0,18,0 0,4,16,0 0,0,20,0 0,0,40,0 0,0,40,0 0,0,20,0
tig00062681 23977 116,0,0,0 128,0,0,0 19,0,1,0 20,0,0,0 18,0,0,0 34,0,0,0 36,0,2,0 15,0,1,0
tig00056324 54251 0,0,52,0 0,0,60,0 0,2,14,0 0,0,6,0 0,0,12,0 0,0,20,0 0,0,32,0 0,0,16,0
tig01933434 3697 0,15,0,103 0,23,0,111 0,2,0,18 0,5,0,14 0,2,0,18 0,4,0,36 0,0,0,36 0,0,0,20
tig01933433 1768 24,0,0,0 34,0,0,0 10,0,0,0 6,0,0,0 8,0,2,0 20,0,0,0 20,0,0,0 12,0,0,0
tig01939139 27590 0,116,0,0 0,138,0,0 0,16,0,0 0,19,0,1 0,20,0,0 0,40,0,0 0,40,0,0 0,20,0,0
tig00029139 37857 0,49,0,73 0,55,0,85 0,9,0,11 0,7,0,13 0,6,0,14 0,15,0,25 0,18,0,22 0,9,0,11
tig00037664 10396 0,0,0,88 0,0,0,90 0,0,0,16 0,0,0,14 0,0,0,18 0,0,0,34 0,0,0,26 0,1,0,11
tig00017814 46336 0,122,0,0 0,132,0,0 0,18,2,0 0,19,1,0 0,20,0,0 0,36,4,0 0,33,5,0 0,20,0,0
tig00249433 47890 0,0,0,126 8,0,0,130 0,0,0,18 1,0,0,19 0,0,0,20 0,0,0,40 0,0,0,40 0,0,0,20
tig00111085 2083 0,67,59,0 0,77,63,0 0,8,10,0 0,12,8,0 0,5,15,0 0,21,19,0 0,22,18,0 0,11,9,0
tig00005703 61017 107,0,0,17 124,0,0,14 18,0,0,2 18,0,0,0 20,0,0,0 40,0,0,0 40,0,0,0 20,0,0,0
tig00105695 3698 122,0,0,0 134,0,0,0 19,0,0,1 20,0,0,0 20,0,0,0 40,0,0,0 40,0,0,0 20,0,0,0
tig00070045 30030 0,0,0,118 0,0,0,132 0,0,0,20 0,1,0,19 0,0,0,20 0,0,0,40 0,0,0,40 0,0,0,20
tig00001776 66854 0,0,126,0 0,0,140,0 0,0,20,0 0,0,20,0 0,0,20,0 0,0,40,0 0,0,40,0 3,0,17,0
tig00088852 8236 0,0,0,122 0,0,0,134 0,1,0,17 0,0,0,18 0,0,0,20 0,0,0,38 0,0,0,40 0,0,0,20
tig00262471 4837 0,0,0,122 0,0,0,122 0,1,0,19 0,0,0,20 0,0,0,20 0,0,0,40 0,0,0,36 0,0,0,20
tig00249164 86775 0,114,0,0 0,130,0,0 0,19,0,1 0,20,0,0 0,20,0,0 0,36,0,0 0,34,0,0 0,18,0,0
tig00020632 8466 0,0,69,55 0,0,77,53 0,0,14,6 0,0,11,9 0,0,13,7 0,0,25,15 0,0,22,16 0,0,11,9
tig00247671 82410 43,0,0,5 46,0,0,0 14,0,0,0 8,0,0,0 14,0,0,0 22,0,0,2 28,0,0,0 12,0,0,0
tig00013517 14023 116,0,0,0 132,0,0,0 18,0,2,0 18,0,0,0 20,0,0,0 40,0,0,0 40,0,0,0 20,0,0,0
tig00096673 9356 0,102,0,0 0,126,0,0 0,14,0,0 0,17,0,1 0,18,0,0 0,38,0,0 0,38,0,0 0,16,0,0
tig00009195 28482 66,0,0,0 68,0,0,0 4,0,0,2 12,0,0,0 12,0,0,0 16,0,0,0 16,0,0,0 8,0,0,0
tig00027384 21110 0,26,0,0 0,44,0,0 0,6,0,0 0,14,0,0 0,8,0,0 0,26,0,0 0,18,0,0 0,12,2,0
tig00066275 11770 120,0,0,0 134,0,0,0 18,0,0,0 20,0,0,0 20,0,0,0 36,0,0,0 40,0,0,0 17,0,0,1
tig00090013 15965 0,72,0,0 0,86,0,0 0,8,0,0 0,10,0,0 0,8,0,0 0,18,0,0 0,18,0,0 0,10,2,0
tig00095047 16690 0,0,86,0 0,0,92,0 0,0,16,0 0,0,20,0 0,0,18,0 0,0,33,3 0,0,30,0 0,0,16,0
tig00013570 14038 0,0,50,0 0,0,70,0 0,0,13,1 0,0,12,0 0,0,8,8 0,0,19,9 0,0,36,0 0,0,20,0
tig00017035 33184 0,116,0,0 0,130,0,0 0,20,0,0 0,18,0,0 0,20,0,0 0,40,0,0 0,38,0,0 0,18,0,2
tig00036808 7505 88,0,0,34 101,0,0,39 10,0,0,8 19,0,0,1 10,0,0,10 20,0,0,20 38,0,0,0 18,0,0,2
tig00120915 11699 0,0,0,40 0,0,0,60 0,0,0,16 0,0,0,10 0,0,0,10 0,0,0,22 6,0,0,14 9,0,0,2
tig00249218 26812 0,80,0,0 0,94,0,0 0,9,0,1 0,14,0,0 0,10,0,0 0,24,0,0 0,30,0,2 0,9,0,3
tig00015901 73144 68,0,0,0 64,0,0,0 15,0,1,0 12,0,0,0 18,0,0,0 32,0,0,0 29,0,2,0 10,0,0,0
tig00035118 5051 0,64,0,0 0,58,0,0 0,18,0,0 0,12,2,0 0,14,0,0 0,24,0,0 0,26,0,0 0,12,0,0
tig00046082 29338 0,0,0,124 0,0,0,136 0,0,1,19 0,0,0,18 0,0,0,20 0,0,0,40 0,0,0,40 0,0,0,20
tig00048884 21548 0,0,116,0 0,0,130,0 1,0,15,0 0,0,20,0 0,0,14,0 0,0,36,0 0,0,38,0 0,0,20,0
tig00010159 73352 0,0,0,88 8,0,0,100 0,0,0,10 0,0,0,14 0,0,0,18 0,0,0,32 0,0,0,30 0,0,0,16
tig00034646 9807 0,86,0,38 0,99,0,41 0,12,0,8 0,14,0,6 0,19,0,1 0,32,0,8 0,25,0,15 0,11,0,9
tig00012297 78708 64,0,62,0 69,0,69,0 10,0,10,0 11,0,9,0 11,0,9,0 20,0,20,0 20,0,20,0 11,0,9,0
tig00065412 29186 0,110,0,16 0,108,0,32 0,19,0,1 0,18,0,2 0,19,0,1 0,36,0,4 0,36,0,4 0,17,0,1
tig00017503 33193 0,0,0,36 0,0,0,44 0,0,2,4 0,0,0,10 0,0,0,6 0,0,0,12 0,0,0,14 0,0,0,8
tig00047073 35586 0,0,0,122 0,0,0,136 0,1,0,19 0,0,0,20 0,0,0,20 0,0,0,38 0,0,0,40 0,0,0,20
tig00066740 8690 0,0,67,59 0,0,74,66 0,0,11,9 0,0,10,10 0,0,11,9 0,0,21,19 0,0,22,18 0,0,11,9
tig00060234 12527 0,22,102,0 0,21,119,0 0,7,11,0 0,3,17,0 0,12,6,0 0,22,18,0 0,33,7,0 0,12,8,0
tig00099384 2533 0,0,0,114 0,0,0,128 0,0,0,16 0,1,0,19 0,0,0,20 0,0,0,40 0,0,0,40 0,0,0,20
tig00002231 80476 0,0,0,116 0,0,0,120 0,0,0,20 1,0,0,19 0,0,0,18 0,0,0,38 0,0,0,38 0,0,0,20
tig00003316 131265 0,0,0,126 0,0,0,140 0,0,0,20 0,0,0,20 1,0,0,19 0,0,0,40 0,0,0,40 0,0,0,20
tig00245365 10469 0,122,0,0 0,136,0,0 0,19,0,1 0,20,0,0 0,20,0,0 0,40,0,0 0,36,0,0 0,20,0,0
tig00245373 211989 124,0,0,0 136,0,0,0 18,0,0,0 19,0,0,1 20,0,0,0 40,0,0,0 38,0,0,0 20,0,0,0
tig01930277 22842 0,33,5,0 0,46,12,0 0,8,0,0 0,8,4,0 0,6,0,0 0,18,2,0 0,22,0,0 0,10,0,0
tig00248999 25203 0,46,0,76 0,40,0,94 0,7,0,13 0,9,0,11 0,11,0,9 0,20,0,20 0,20,0,20 0,10,0,10
tig00003524 19123 78,0,0,0 86,0,0,0 18,0,0,0 12,0,0,0 15,1,0,0 36,0,0,0 38,0,0,0 20,0,0,0
tig00075109 2812 0,0,116,0 0,0,130,0 0,0,18,0 0,0,20,0 6,0,14,0 12,0,28,0 21,0,19,0 7,0,9,0
tig00025624 35774 0,0,0,124 0,0,0,136 0,0,0,20 0,0,0,20 0,0,0,20 0,0,0,40 0,2,0,38 0,0,0,20
tig00246486 138152 7,0,113,0 17,0,117,0 5,0,13,0 2,0,16,0 2,0,18,0 0,0,38,0 20,0,20,0 12,0,8,0
tig00249925 2339 114,0,0,0 128,0,0,0 17,0,1,0 16,0,0,0 18,0,0,0 36,0,0,0 38,0,0,0 20,0,0,0
tig00008757 25325 0,0,0,124 0,0,0,140 0,0,0,20 0,0,0,20 0,2,0,18 0,0,0,38 0,0,0,40 0,0,0,20
tig00046489 17115 0,0,106,0 0,0,122,0 0,0,16,0 0,0,20,0 0,0,20,0 0,0,38,0 0,0,40,0 3,0,15,0
tig00247952 62757 0,120,0,0 0,136,0,0 2,18,0,0 0,20,0,0 0,20,0,0 0,40,0,0 0,38,0,0 0,20,0,0
tig00248484 101288 58,0,0,0 66,0,0,0 9,0,3,0 12,0,0,0 8,0,0,0 18,0,0,0 24,0,0,0 18,0,0,0
tig00031607 10999 0,0,126,0 0,0,140,0 0,0,20,0 0,1,19,0 0,0,20,0 0,0,40,0 0,0,40,0 0,0,20,0
tig01931902 18200 18,0,0,92 21,0,0,109 0,0,0,18 5,0,0,15 5,0,0,13 5,0,0,33 10,0,0,28 2,0,0,16
tig00148133 9128 0,0,0,126 0,0,0,140 0,2,0,18 0,0,0,20 0,0,0,20 0,0,0,40 0,0,0,40 0,0,0,20
tig00061967 21477 0,0,0,102 0,0,0,124 0,0,0,20 0,0,0,20 0,1,0,19 0,0,0,40 0,0,0,30 0,0,0,18
tig00254103 25779 63,0,0,63 76,0,0,64 12,0,0,8 10,0,0,10 10,0,0,10 20,0,0,20 21,0,0,19 11,0,0,9
tig00050583 12082 0,0,0,124 0,0,0,134 1,0,0,17 0,0,0,18 0,0,0,18 0,0,0,40 0,0,0,38 0,0,0,20
tig00077080 9700 0,126,0,0 0,140,0,0 0,19,0,1 0,20,0,0 0,20,0,0 0,40,0,0 0,40,0,0 0,20,0,0
tig00058443 6277 110,0,0,0 110,0,0,0 15,1,0,0 20,0,0,0 20,0,0,0 38,0,0,0 38,0,0,0 20,0,0,0
tig00022850 1744 0,0,18,104 0,0,39,95 0,0,13,7 0,0,3,17 0,0,7,13 0,0,31,9 0,0,10,30 0,0,1,19
tig00100969 2356 0,23,71,0 0,7,81,0 0,0,14,0 0,0,10,0 0,12,4,0 0,11,17,0 0,0,32,0 0,0,18,0
tig00261663 12310 86,0,0,6 75,0,0,9 18,0,0,0 14,0,0,0 16,0,0,0 24,0,0,0 32,0,0,0 16,0,0,0
tig00000700 26032 12,0,0,112 13,0,0,127 2,0,0,18 0,0,0,20 1,0,0,19 8,0,0,32 0,0,0,40 0,0,0,20
tig01934478 5839 0,0,0,96 0,0,0,102 0,0,1,17 0,0,0,14 0,0,0,14 0,0,0,16 0,0,0,28 0,0,0,16
tig00068127 12970 0,124,0,0 0,136,0,0 0,18,0,0 0,19,1,0 0,20,0,0 0,38,0,0 0,40,0,0 0,20,0,0
tig01932760 11007 66,0,60,0 69,0,71,0 11,0,9,0 10,0,10,0 9,0,11,0 19,0,21,0 20,0,20,0 10,0,10,0
tig00013335 96807 0,0,126,0 0,0,134,0 0,0,17,1 0,0,20,0 0,0,20,0 0,0,38,0 0,0,40,0 0,0,20,0
tig00022180 59556 0,112,0,0 0,128,0,0 0,18,2,0 0,20,0,0 0,20,0,0 0,40,0,0 0,34,0,0 0,11,5,0
tig00050117 2613 11,0,109,0 15,0,125,0 0,0,20,0 0,0,20,0 1,0,17,0 2,0,36,0 2,0,38,0 1,0,19,0
tig00245715 179967 0,0,122,0 0,0,138,0 0,1,17,0 0,0,18,0 0,0,20,0 0,0,38,0 0,0,40,0 0,0,18,0
tig00053414 15102 0,124,0,0 0,138,0,0 0,18,0,0 0,19,0,1 0,20,0,0 0,40,0,0 0,40,0,0 0,20,0,0
tig01938351 20106 0,114,0,0 0,130,0,0 0,18,0,2 0,20,0,0 0,16,0,0 0,38,0,0 0,38,0,0 0,20,0,0
tig00255639 55038 0,0,116,0 0,0,134,0 1,0,19,0 0,0,18,0 0,0,18,0 0,0,36,0 0,0,40,0 0,0,20,0
tig00251991 3922 0,0,120,0 0,0,118,0 0,0,15,1 0,0,14,0 0,0,18,0 0,0,36,0 0,0,32,0 0,0,16,0
tig00014260 82747 0,0,0,126 0,0,0,136 1,0,0,19 0,0,0,18 0,0,0,16 0,0,0,40 0,0,0,40 0,0,0,20
tig00034175 47470 0,0,120,6 0,0,125,9 0,0,15,5 0,0,18,0 0,0,17,1 0,0,40,0 0,0,38,2 0,0,17,3
tig00070442 9935 0,0,0,80 0,0,0,100 0,2,0,14 0,0,0,12 0,0,0,14 0,0,0,24 0,0,0,26 0,0,0,10
tig00088031 18460 0,118,0,0 0,130,0,0 0,20,0,0 0,20,0,0 0,20,0,0 0,40,0,0 5,33,0,0 3,15,0,0
tig00031488 14826 0,0,7,115 0,0,8,126 0,0,0,18 0,0,0,18 0,0,0,20 0,0,0,40 0,0,16,24 0,0,9,9
tig00016743 59145 0,96,0,0 0,114,0,0 0,13,0,3 0,16,0,0 0,16,0,0 0,36,0,0 0,30,0,0 0,16,0,0
tig01931249 33001 0,0,122,0 0,0,132,0 0,0,16,0 0,0,20,0 0,0,20,0 2,0,38,0 0,0,36,0 1,0,19,0
tig01931247 16926 0,122,0,0 0,132,0,0 0,20,0,0 0,20,0,0 0,16,0,0 0,40,0,0 0,40,0,0 1,19,0,0
tig00015877 29726 124,0,0,0 140,0,0,0 20,0,0,0 20,0,0,0 8,0,12,0 25,0,15,0 25,0,15,0 17,0,3,0
tig00257654 58095 0,95,0,27 0,105,0,33 0,20,0,0 0,16,0,4 0,20,0,0 0,38,0,0 0,40,0,0 0,20,0,0
tig00030173 1732 0,0,0,104 0,0,0,108 0,0,0,20 1,0,0,19 0,0,0,18 0,0,0,26 0,0,0,34 0,0,0,20
tig00245924 10903 0,122,0,0 0,140,0,0 0,18,0,0 0,19,1,0 0,20,0,0 0,40,0,0 0,40,0,0 0,20,0,0
tig00033714 9739 118,0,0,0 116,0,0,0 19,0,0,1 16,0,0,0 18,0,0,0 36,0,0,0 40,0,0,0 18,0,0,0
tig00078902 21526 0,0,0,60 0,0,0,66 0,0,0,16 0,0,0,10 2,0,0,6 0,0,0,28 0,0,0,30 0,0,0,14
tig00026097 51102 40,0,0,0 44,0,0,0 4,0,0,2 6,0,0,4 8,0,0,2 7,0,0,9 10,0,0,0 10,0,0,0
tig00003819 20803 0,0,124,0 0,0,136,0 0,0,20,0 0,0,20,0 1,0,19,0 0,0,40,0 0,0,40,0 0,0,20,0
tig00014525 3510 8,0,36,0 3,0,39,0 2,0,6,0 0,0,10,0 2,0,10,0 2,0,8,0 0,0,18,0 0,0,6,0
tig01933532 7747 116,0,0,0 136,0,0,0 19,0,0,1 16,0,0,0 18,0,0,0 40,0,0,0 40,0,0,0 20,0,0,0
tig00073701 18714 0,124,0,0 0,136,0,0 1,19,0,0 0,20,0,0 0,16,0,0 0,40,0,0 0,40,0,0 0,18,0,0
tig00024217 4677 78,6,0,0 102,0,0,0 18,0,0,0 15,3,0,0 16,0,0,0 29,2,0,0 27,1,0,0 11,3,0,0
tig00249230 38613 118,0,0,0 134,0,0,0 19,0,0,1 20,0,0,0 20,0,0,0 34,0,0,0 40,0,0,0 16,0,0,0
tig00245829 92966 60,0,66,0 69,0,71,0 12,0,8,0 9,0,11,0 11,0,9,0 19,0,21,0 20,0,20,0 11,0,9,0
tig00025291 5804 126,0,0,0 136,0,0,0 18,0,0,0 19,0,0,1 20,0,0,0 38,0,0,0 38,0,0,0 18,0,0,0
tig00126986 3793 58,0,0,0 52,0,0,0 10,0,0,0 10,0,0,0 14,0,0,0 22,0,0,2 16,0,0,0 12,0,0,0
tig00054393 5650 0,0,60,0 0,0,56,0 0,0,16,0 0,0,10,0 0,0,12,0 0,0,22,0 0,0,34,0 3,0,9,0
tig00008806 15548 0,0,120,0 0,0,134,0 0,0,20,0 0,0,18,0 0,0,20,0 0,0,38,2 0,0,40,0 0,0,20,0
tig00018600 40551 0,118,0,0 0,132,0,0 0,18,0,0 0,19,1,0 0,20,0,0 0,38,0,0 0,40,0,0 0,18,0,0
tig00100579 15867 0,0,126,0 0,0,140,0 0,0,20,0 0,0,20,0 0,0,19,1 0,0,40,0 0,0,36,0 0,0,20,0
tig00063419 17098 0,0,0,102 0,0,0,122 0,0,0,18 0,0,0,16 0,0,0,20 0,0,0,36 0,0,0,40 1,0,0,19
tig00252036 20989 89,19,0,0 105,19,0,0 20,0,0,0 10,8,0,0 16,0,0,0 34,0,0,0 38,0,0,0 20,0,0,0
tig00061438 18876 66,60,0,0 74,66,0,0 8,12,0,0 10,10,0,0 10,10,0,0 19,21,0,0 21,19,0,0 10,10,0,0
tig00011452 112528 0,90,0,0 0,106,0,0 0,18,0,0 0,16,0,0 0,18,0,0 1,25,0,0 0,30,0,0 0,20,0,0
tig01933643 3589 55,0,21,0 62,0,18,0 12,0,4,0 10,0,4,0 12,0,4,0 15,0,9,0 34,0,6,0 15,0,5,0
tig00250375 44473 0,0,0,92 0,0,0,98 0,0,0,12 0,0,0,12 1,0,0,17 0,0,0,28 0,0,0,22 0,0,0,6
tig00254796 8720 9,0,113,0 20,0,106,0 2,0,16,0 0,0,20,0 0,0,20,0 0,0,40,0 6,0,34,0 0,0,20,0
tig01928650 198582 0,88,0,10 0,93,0,9 0,20,0,0 0,16,0,0 0,20,0,0 0,40,0,0 0,40,0,0 0,20,0,0
tig00250798 133297 0,120,0,0 0,126,0,0 0,17,0,1 0,16,0,0 0,18,0,0 0,38,0,0 0,30,0,0 0,16,0,0
tig00002025 4293 0,88,24,0 0,81,27,0 0,17,1,0 0,10,8,0 0,19,1,0 0,40,0,0 0,20,14,0 0,3,13,0
tig01934465 8373 0,0,0,84 0,0,0,94 0,1,0,11 0,0,0,10 0,0,0,16 0,0,0,28 0,0,0,28 0,0,0,16
tig00013396 67169 0,0,0,126 0,0,0,130 0,0,1,17 0,0,0,18 0,0,0,20 0,0,0,36 0,0,0,38 0,0,0,14
tig00259434 46476 0,114,0,0 0,136,0,0 0,18,0,0 0,18,0,0 0,20,0,0 0,36,0,0 0,38,0,0 0,19,1,0
tig00008790 39961 126,0,0,0 138,0,0,0 20,0,0,0 18,0,0,0 16,2,0,0 40,0,0,0 38,0,0,0 20,0,0,0
tig01936130 4755 0,0,88,0 0,0,114,0 0,4,10,0 0,0,18,0 0,0,14,0 0,0,22,0 0,0,32,0 0,1,17,0
tig00245881 97172 0,0,96,10 0,0,110,0 0,0,18,0 0,0,13,1 0,0,17,3 0,0,28,12 0,0,36,0 0,0,20,0
tig00249397 14757 0,0,122,0 0,0,138,0 0,0,18,0 1,0,19,0 0,0,20,0 0,0,40,0 0,0,38,0 0,0,20,0
tig00119894 5401 0,0,100,0 0,0,114,0 0,0,20,0 1,0,15,0 0,0,20,0 0,0,34,0 0,0,34,0 0,0,16,0
tig00048243 27107 114,0,0,0 118,0,0,0 17,0,0,1 20,0,0,0 18,0,0,0 38,0,0,0 40,0,0,0 18,0,0,0
tig00254626 41614 13,0,101,0 25,0,99,0 4,0,12,0 0,0,20,0 0,0,10,0 0,0,24,0 0,0,26,0 0,0,20,0
tig00020598 65637 0,0,0,124 0,0,0,134 0,0,1,19 0,0,0,20 0,0,0,18 0,0,0,40 0,0,0,40 0,0,0,20
tig00249433 39853 120,0,0,0 130,0,0,0 14,0,0,0 19,0,0,1 20,0,0,0 36,0,0,0 36,0,0,0 18,0,0,0
tig00039254 20688 0,0,84,0 0,0,82,0 2,0,14,0 0,0,14,0 0,0,14,0 0,0,30,0 0,0,34,0 0,0,16,0
tig00017814 38691 0,126,0,0 0,132,0,0 0,18,0,2 0,20,0,0 0,20,0,0 0,38,0,0 0,40,0,0 0,20,0,0
tig00246397 76117 0,0,0,118 0,0,0,134 0,0,0,18 0,0,0,20 14,0,0,6 12,0,0,28 0,0,0,40 0,0,0,20
tig00252884 18274 0,0,122,0 0,0,134,0 0,1,17,0 0,0,20,0 0,6,14,0 0,2,38,0 0,6,34,0 0,5,15,0
tig00051845 37656 0,0,66,0 0,0,92,0 0,0,12,0 1,0,13,0 0,0,16,0 0,0,26,0 0,0,24,0 0,0,18,0
tig00021987 38079 0,0,108,0 0,0,120,0 0,0,14,0 0,0,20,0 1,0,19,0 0,0,40,0 0,0,20,0 0,0,10,0
tig00044357 26129 0,120,0,0 0,134,0,0 0,17,0,1 0,20,0,0 0,18,0,0 0,40,0,0 0,40,0,0 0,18,0,0
tig00055632 15353 0,0,122,0 0,0,136,0 0,0,20,0 0,0,18,0 0,0,20,0 0,0,38,0 0,0,40,0 0,1,19,0
tig00252418 62287 120,0,0,0 134,0,0,0 18,0,0,0 20,0,0,0 19,0,0,1 40,0,0,0 38,0,0,0 18,0,0,0
tig01939229 2927 70,0,0,0 88,0,0,0 14,0,0,0 17,0,1,0 10,0,0,0 38,0,0,0 26,0,0,0 16,0,0,0
tig00021180 34584 0,98,0,0 0,124,0,0 0,19,0,1 0,20,0,0 0,20,0,0 0,40,0,0 0,38,0,0 0,20,0,0
tig00054548 23066 0,122,0,0 0,126,0,0 0,18,0,2 0,20,0,0 0,18,0,0 0,40,0,0 0,40,0,0 0,20,0,0
tig00085728 6736 118,0,0,0 130,0,0,0 17,0,1,0 20,0,0,0 20,0,0,0 38,0,0,0 40,0,0,0 20,0,0,0
tig00031166 23111 0,0,0,52 0,0,0,76 0,0,0,18 0,0,0,12 1,0,0,13 0,0,0,30 0,0,0,32 0,0,0,18
tig00010420 31437 112,0,0,0 128,0,0,0 19,0,1,0 18,0,0,0 20,0,0,0 40,0,0,0 38,0,0,0 20,0,0,0
tig00262054 22667 0,90,0,0 0,120,0,0 0,18,0,0 0,20,0,0 2,18,0,0 6,34,0,0 0,38,0,0 0,20,0,0
tig00246989 48774 78,0,0,0 94,0,0,0 12,0,0,0 10,0,0,0 7,0,0,3 26,0,0,0 28,0,0,0 16,0,0,0
tig00010599 16052 0,0,0,48 0,0,0,36 0,0,0,6 0,0,0,12 0,0,0,14 0,0,0,10 11,0,0,7 2,0,0,6
tig00250996 23228 0,62,0,0 0,72,0,0 0,12,0,0 0,6,0,0 0,9,0,3 0,26,0,0 0,8,0,0 0,6,0,0
tig00010584 54182 0,120,0,0 0,136,0,0 0,20,0,0 0,16,0,0 0,19,1,0 0,40,0,0 0,40,0,0 0,18,0,0
tig00013081 15867 0,84,38,0 0,89,37,0 0,11,7,0 0,10,6,0 0,18,2,0 0,33,7,0 0,36,4,0 0,19,1,0
tig00031078 14470 0,124,0,0 0,128,0,0 0,18,0,0 0,19,0,1 0,18,0,0 0,38,0,0 0,40,0,0 0,20,0,0
tig00261130 37327 0,0,0,80 0,0,0,100 0,2,0,14 0,0,0,6 0,0,0,16 0,0,0,32 0,0,0,22 0,0,0,8
tig01929099 16086 0,0,0,94 0,0,0,116 0,2,0,16 0,0,0,12 0,0,0,16 0,0,0,34 0,0,0,34 0,0,0,20
tig01932475 7749 94,0,0,0 116,0,0,0 14,0,0,0 17,0,0,1 14,0,0,0 28,0,0,0 40,0,0,0 20,0,0,0
tig00015352 16642 46,0,0,0 60,0,0,0 7,0,1,0 10,0,0,0 10,0,0,0 16,0,0,0 24,0,0,0 6,0,0,0
tig00068784 7009 0,0,94,0 0,0,106,0 0,0,16,0 0,0,14,0 0,0,10,4 0,0,19,1 0,0,24,8 0,0,11,7
tig01936323 2117 58,68,0,0 65,73,0,0 9,11,0,0 9,11,0,0 10,10,0,0 21,19,0,0 18,22,0,0 10,10,0,0
tig00014263 57119 0,0,0,122 0,0,8,126 0,0,2,16 0,0,0,20 0,0,0,20 0,0,0,38 0,0,9,31 0,0,2,18
tig00023196 14402 0,126,0,0 0,140,0,0 0,20,0,0 0,20,0,0 0,20,0,0 0,40,0,0 0,40,0,0 0,19,0,1
tig00058533 10019 116,0,0,6 134,0,0,0 13,0,0,3 19,0,0,1 17,0,0,1 29,0,0,11 38,0,0,0 18,0,0,0
tig00260129 14216 0,0,0,106 0,0,0,122 3,0,0,17 0,0,0,14 2,0,0,12 3,0,0,35 4,0,0,30 0,0,0,12
tig01930385 20058 0,0,106,0 0,0,118,0 0,0,19,1 0,0,18,0 0,0,20,0 0,0,40,0 0,0,36,0 0,0,16,0
tig00033361 6173 0,0,0,102 0,0,0,122 0,1,0,17 0,0,0,20 0,0,0,20 0,0,0,40 0,0,0,36 0,0,0,20
tig00257759 2743 0,0,0,48 0,0,0,76 0,0,0,8 0,0,0,12 0,0,0,12 0,0,0,30 9,0,0,7 6,0,0,6
tig00027724 22312 0,0,38,0 0,0,48,0 0,0,6,0 0,0,9,2 0,0,14,0 0,0,18,0 0,0,22,0 0,0,12,0
tig00260133 17517 0,100,0,24 0,119,0,15 0,20,0,0 0,13,0,7 0,20,0,0 0,38,0,0 0,38,0,0 0,20,0,0
tig00055579 42135 109,0,9,0 125,0,11,0 17,0,1,0 17,0,1,0 19,0,1,0 32,0,6,0 35,0,3,0 16,0,4,0
tig00040858 16298 0,15,111,0 0,23,115,0 0,2,16,0 0,4,16,0 0,3,17,0 0,10,30,0 0,8,32,0 0,0,18,0
tig00134010 1172 114,0,0,0 136,0,0,0 20,0,0,0 20,0,0,0 19,0,1,0 40,0,0,0 40,0,0,0 16,0,0,0
tig00008723 41852 0,126,0,0 0,140,0,0 0,18,0,2 0,20,0,0 0,20,0,0 0,40,0,0 0,40,0,0 0,20,0,0
tig00027343 45033 0,0,0,122 0,0,0,134 1,0,0,19 0,0,0,20 0,0,0,20 0,0,0,38 0,0,0,38 0,0,0,20
tig01930615 26128 0,112,0,0 0,134,0,0 0,18,0,0 0,20,0,0 0,19,1,0 0,40,0,0 0,38,0,0 0,20,0,0
tig00253943 19468 124,0,0,0 132,0,0,0 19,0,0,1 18,0,0,0 20,0,0,0 40,0,0,0 38,0,0,0 18,0,0,0
tig01939252 18705 0,0,106,0 0,0,116,0 0,0,20,0 0,0,20,0 0,0,20,0 0,0,40,0 18,0,20,0 6,0,14,0
tig01939253 5203 0,0,0,38 0,0,0,52 0,0,0,8 0,0,0,6 1,0,0,9 0,0,0,24 0,0,0,30 0,0,0,10
tig01928645 174040 124,0,0,0 134,0,0,0 18,0,0,0 20,0,0,0 20,0,0,0 36,0,4,0 38,0,0,0 20,0,0,0
tig00254322 45027 0,0,0,118 0,0,0,136 0,0,0,18 0,0,0,20 0,0,0,18 0,0,0,40 0,0,0,40 1,0,0,19
tig00025216 6082 90,0,0,0 116,0,0,0 18,0,0,0 19,1,0,0 16,0,0,0 34,0,0,0 38,0,0,0 18,0,0,0
tig00254832 12599 122,0,0,0 124,0,0,7 20,0,0,0 20,0,0,0 20,0,0,0 40,0,0,0 38,0,0,0 20,0,0,0
tig00020728 9177 126,0,0,0 136,0,0,0 19,1,0,0 20,0,0,0 20,0,0,0 40,0,0,0 38,0,0,0 20,0,0,0
tig00092974 10393 0,116,0,0 0,134,0,0 0,17,1,0 0,20,0,0 0,20,0,0 0,38,0,0 0,40,0,0 0,20,0,0
tig00046504 7752 26,92,0,0 21,109,0,0 4,14,0,0 4,14,0,0 7,13,0,0 10,30,0,0 11,25,0,0 3,17,0,0
tig00053874 6046 0,0,110,0 0,0,116,0 0,0,20,0 4,0,16,0 0,0,20,0 0,0,34,0 0,0,40,0 0,0,16,0
tig00046406 10904 0,118,0,0 0,127,7,0 0,18,0,0 0,20,0,0 0,20,0,0 0,40,0,0 0,38,0,0 0,20,0,0
tig00252025 45627 122,0,0,0 132,0,0,0 20,0,0,0 20,0,0,0 20,0,0,0 40,0,0,0 26,0,14,0 20,0,0,0
tig00003092 17513 0,95,0,5 0,100,0,0 0,18,0,0 0,15,0,1 0,15,0,5 0,38,0,2 0,37,0,3 0,19,0,1
tig00006365 22273 72,0,44,0 77,0,51,0 18,0,0,0 13,0,5,0 15,0,5,0 28,0,12,0 38,0,0,0 20,0,0,0
tig00011385 61042 120,0,0,0 132,0,0,0 16,2,0,0 20,0,0,0 20,0,0,0 36,0,0,0 40,0,0,0 20,0,0,0
tig00088862 20540 0,0,126,0 0,0,134,0 1,0,19,0 0,0,20,0 0,0,20,0 0,0,40,0 0,0,40,0 0,0,20,0
tig00106914 7524 0,0,0,70 0,0,0,86 1,0,0,9 0,0,0,18 0,0,0,18 0,0,0,22 0,0,0,22 0,0,0,8
tig01930276 5481 0,74,0,0 0,90,0,0 0,14,0,0 0,16,0,0 0,16,0,0 0,24,0,2 0,24,0,0 0,16,0,0
tig00100702 6093 116,0,0,0 126,0,0,0 19,1,0,0 20,0,0,0 20,0,0,0 40,0,0,0 40,0,0,0 16,0,0,0
tig00261553 20941 0,0,47,3 0,0,58,0 0,0,14,0 0,0,11,1 0,0,6,0 0,0,22,0 0,0,10,0 0,0,14,0
tig00250726 29222 0,0,124,0 0,0,140,0 2,0,18,0 0,0,18,0 0,0,20,0 0,0,40,0 0,0,40,0 0,0,20,0
tig01930657 6981 0,34,0,86 0,49,0,87 0,1,0,19 0,1,0,19 0,6,0,14 0,8,0,32 0,2,0,36 0,0,0,18
tig00098859 10494 0,16,0,0 0,20,0,0 0,6,0,0 0,8,0,0 0,10,0,0 0,12,0,0 2,22,0,0 0,6,0,0
tig00248349 16234 0,0,0,108 0,0,0,132 0,0,0,20 0,0,0,20 0,0,0,20 0,0,0,40 0,0,0,40 1,0,0,17
tig00247392 50459 64,0,62,0 68,0,70,0 11,0,9,0 10,0,10,0 11,0,9,0 21,0,19,0 22,0,18,0 11,0,9,0
tig00063194 6792 0,126,0,0 0,132,0,0 0,19,1,0 0,18,0,0 0,20,0,0 0,34,6,0 0,40,0,0 0,13,7,0
tig00069434 11252 0,0,59,59 0,0,69,63 0,0,10,8 0,0,9,7 0,0,8,10 0,0,21,17 0,0,19,21 0,0,8,8
tig01928635 28685 27,0,57,0 36,0,72,0 11,0,7,0 1,0,19,0 8,0,8,0 9,0,23,0 14,0,24,0 5,0,13,0
tig00069920 6018 0,113,0,13 0,126,0,12 0,17,0,3 0,18,0,2 0,18,0,2 0,29,0,11 0,40,0,0 0,20,0,0
tig01940109 9521 0,63,0,63 0,73,0,67 0,10,0,10 0,10,0,10 0,10,0,10 0,23,0,17 0,19,0,21 0,11,0,9
tig00255162 47870 0,0,0,120 0,0,0,134 0,0,0,20 0,0,0,16 0,0,0,20 0,0,0,40 0,3,0,37 0,0,0,18
tig00035004 9953 0,0,122,0 0,0,138,0 0,0,19,1 0,0,20,0 0,0,20,0 0,0,38,0 0,0,36,0 0,0,20,0
tig00016857 80824 0,120,0,0 0,132,0,0 0,20,0,0 0,20,0,0 0,18,0,0 0,38,2,0 0,40,0,0 0,20,0,0
tig00245832 101522 0,118,0,0 0,132,0,0 0,18,0,0 0,20,0,0 0,20,0,0 0,38,0,2 0,40,0,0 0,20,0,0
tig00027996 30287 0,0,0,114 0,0,0,130 0,0,2,18 0,0,0,20 0,0,0,20 0,0,0,38 0,0,0,40 0,0,0,20
tig00249428 33417 23,0,0,77 22,0,0,102 6,0,0,14 2,0,0,16 4,0,0,16 13,0,0,25 5,0,0,35 11,0,0,9
tig00256457 23740 0,0,0,124 0,0,0,140 1,0,0,19 1,0,0,19 0,0,0,20 0,0,0,38 0,0,0,40 0,0,0,20
tig00252518 11535 0,0,0,122 0,0,0,124 0,0,1,17 0,0,4,16 0,0,7,13 0,0,18,22 0,0,22,16 0,0,11,7
tig01933177 3612 0,0,122,0 0,0,140,0 0,0,18,0 0,0,18,0 0,0,19,1 0,0,36,0 0,0,40,0 0,0,20,0
tig00039066 14678 0,53,0,13 0,66,0,12 0,11,0,5 0,14,0,0 0,10,0,4 0,11,0,19 0,34,0,0 0,16,0,0
tig00079445 2507 0,116,0,0 0,128,0,0 0,18,0,0 0,20,0,0 0,18,0,0 0,40,0,0 0,38,2,0 0,17,1,0
tig00259325 17437 0,0,0,124 0,0,0,136 1,0,0,19 0,0,0,20 0,0,0,18 0,0,0,40 0,0,0,40 0,0,0,20
tig01930126 13092 43,0,81,0 47,0,91,0 8,0,12,0 8,0,12,0 6,0,14,0 16,0,22,0 15,0,25,0 8,0,12,0
tig00247316 60588 102,0,0,0 100,0,0,0 16,0,0,0 16,0,0,2 17,0,0,3 36,0,0,0 38,0,0,0 20,0,0,0
tig00252540 30663 0,0,54,0 0,0,42,0 0,0,8,0 0,0,14,0 0,0,14,0 0,0,30,0 4,0,20,0 4,0,14,0
tig00076366 8294 118,0,0,0 126,0,0,0 20,0,0,0 17,0,0,1 20,0,0,0 38,0,0,0 38,0,0,0 20,0,0,0
tig01940258 20100 0,102,0,0 0,116,0,0 0,16,0,0 0,20,0,0 0,11,0,5 0,34,0,0 0,34,0,0 0,19,0,1
tig00067009 1500 0,0,42,0 0,0,34,0 0,2,4,0 0,6,6,0 0,0,14,0 0,0,32,0 0,8,26,0 0,2,10,0
tig00086428 16759 122,0,0,0 136,0,0,0 20,0,0,0 19,0,0,1 20,0,0,0 40,0,0,0 38,0,0,0 20,0,0,0
tig00090618 11312 0,110,0,0 0,86,0,0 0,6,0,2 0,18,0,0 0,12,0,0 0,20,0,0 0,36,0,0 0,14,0,0
tig00012051 24246 126,0,0,0 134,0,0,0 16,0,0,2 20,0,0,0 20,0,0,0 40,0,0,0 34,0,0,0 20,0,0,0
tig00054278 10433 0,0,0,52 0,0,0,70 0,0,2,4 0,0,0,8 0,0,4,10 0,0,0,14 0,0,0,12 0,0,0,10
tig01929200 36293 120,0,0,0 128,0,0,0 20,0,0,0 20,0,0,0 20,0,0,0 34,0,6,0 38,0,0,0 20,0,0,0
tig00090994 10529 0,0,34,0 0,0,32,0 2,0,6,0 0,0,12,0 0,0,8,0 0,0,8,0 0,0,26,0 0,0,6,0
tig01929813 56658 11,113,0,0 0,134,0,0 1,19,0,0 2,18,0,0 0,20,0,0 0,38,0,0 0,40,0,0 0,20,0,0
tig00079695 5077 106,0,0,0 132,0,0,0 18,0,0,0 20,0,0,0 13,0,0,1 26,0,0,0 38,0,0,0 20,0,0,0
tig00262780 30958 98,0,0,8 120,0,0,0 18,0,0,0 18,0,0,0 12,0,0,4 32,0,0,2 35,0,0,5 17,0,0,1
tig00052264 11394 0,58,0,0 0,62,0,0 0,12,0,0 0,12,0,0 0,10,0,0 0,24,0,0 1,23,0,0 0,12,0,0
tig01929675 74204 0,0,0,118 0,0,0,124 0,0,0,20 0,0,0,20 1,0,0,17 0,0,0,38 0,0,0,40 0,0,0,20
tig01931036 20527 0,70,0,0 0,72,0,0 0,14,0,2 0,10,0,0 0,12,0,0 0,28,0,0 0,24,0,0 0,12,0,0
tig01933380 5786 0,0,120,0 0,0,140,0 0,1,19,0 0,0,20,0 0,0,20,0 0,0,38,0 0,0,40,0 0,0,18,0
tig00048081 19958 0,100,0,0 0,126,0,0 0,16,0,0 0,20,0,0 0,19,1,0 0,38,0,0 0,34,0,0 0,16,0,0
tig00252332 40198 114,0,0,0 120,0,0,0 17,0,0,1 20,0,0,0 18,0,0,0 38,0,0,0 38,0,0,0 20,0,0,0
tig00060784 22432 0,0,114,0 0,0,128,0 0,0,18,0 0,0,14,0 0,0,18,0 0,0,38,0 0,0,40,0 1,0,19,0
tig00001605 32061 0,0,120,0 0,0,130,0 0,0,20,0 0,0,19,1 0,0,20,0 0,0,36,0 0,0,40,0 0,0,20,0
tig00087849 19441 48,0,0,0 52,0,0,0 12,0,0,0 14,0,0,0 10,0,0,0 26,0,0,0 24,0,2,0 15,0,1,0
tig00027890 20720 12,0,100,0 15,0,117,0 6,0,12,0 1,0,17,0 0,0,20,0 0,0,36,0 0,0,36,0 0,0,18,0
tig00247531 17441 0,124,0,0 0,132,0,0 1,15,0,0 0,20,0,0 0,20,0,0 0,40,0,0 0,38,0,0 0,20,0,0
tig00105346 13238 126,0,0,0 138,0,0,0 20,0,0,0 20,0,0,0 20,0,0,0 40,0,0,0 35,0,0,5 20,0,0,0
tig00251731 37232 45,0,77,0 42,0,90,0 5,0,15,0 6,0,14,0 3,0,15,0 7,0,33,0 8,0,32,0 4,0,16,0
tig00007969 6756 50,0,76,0 57,0,83,0 7,0,13,0 7,0,13,0 8,0,12,0 16,0,24,0 18,0,22,0 8,0,12,0
tig00107663 10720 0,0,0,86 0,0,0,92 1,0,0,13 0,0,0,18 0,0,0,18 0,0,0,30 0,0,0,36 0,0,0,18
tig00111377 5404 58,0,68,0 69,0,71,0 10,0,10,0 9,0,11,0 8,0,12,0 19,0,21,0 18,0,22,0 9,0,11,0
tig01933502 23501 36,30,0,0 45,13,0,0 7,5,0,0 2,10,0,0 14,0,0,0 22,0,0,0 20,0,0,0 12,0,0,0
tig00075811 11958 0,0,126,0 0,0,140,0 0,0,20,0 1,0,19,0 0,0,20,0 0,0,40,0 0,0,40,0 0,0,20,0
tig00096728 7900 0,0,0,116 0,0,0,124 1,0,0,19 0,0,0,18 0,0,0,18 0,0,0,32 0,0,0,38 0,0,0,16
tig01929144 15097 0,43,0,57 0,33,0,77 0,3,0,17 0,13,0,5 0,0,0,18 0,7,0,23 0,18,0,10 0,11,0,3
tig01932826 39400 0,0,86,0 0,0,100,0 0,0,14,0 0,0,16,0 0,0,18,0 0,0,34,0 2,0,26,0 0,0,6,0
tig00050153 15470 0,124,0,0 0,136,0,0 0,20,0,0 0,19,0,1 0,20,0,0 0,40,0,0 0,40,0,0 0,18,0,0
tig00059996 4609 12,0,0,94 8,0,0,86 0,0,0,10 4,0,0,14 3,0,0,17 0,0,0,30 0,0,0,12 0,0,0,6
tig00060722 11681 0,0,0,74 0,0,0,72 0,0,0,14 0,1,0,11 0,0,0,18 0,0,0,28 0,0,0,40 0,0,0,20
tig00032529 19834 88,0,0,34 74,0,0,56 7,0,0,13 13,0,0,7 7,0,0,13 8,0,0,30 17,0,0,23 8,0,0,12
tig00010874 18609 117,0,9,0 113,0,23,0 20,0,0,0 20,0,0,0 20,0,0,0 40,0,0,0 40,0,0,0 18,0,0,0
tig00032301 26420 101,0,17,0 111,0,23,0 18,0,0,0 19,0,1,0 20,0,0,0 40,0,0,0 40,0,0,0 20,0,0,0
tig00016360 9466 0,103,0,15 0,112,0,20 0,20,0,0 0,20,0,0 0,18,0,0 0,40,0,0 0,40,0,0 0,17,0,1
tig00030365 7270 0,0,0,74 0,0,0,100 0,0,0,6 0,0,0,8 0,0,0,8 0,0,0,22 0,0,0,18 0,0,1,15
tig00256317 41469 0,0,120,0 0,0,130,0 0,0,18,0 1,0,17,0 0,0,20,0 0,0,30,0 0,0,36,0 0,0,20,0
tig00260240 226 0,0,126,0 0,0,140,0 0,0,20,0 1,0,19,0 0,0,20,0 0,0,40,0 0,0,40,0 0,0,20,0
tig00085346 8026 0,0,0,64 0,0,0,52 0,2,0,6 0,0,0,10 0,0,0,8 0,0,0,26 0,0,0,18 0,0,0,14
tig00027337 18817 0,0,38,0 0,0,50,0 0,0,6,0 0,0,10,0 0,0,8,2 0,0,22,0 0,0,26,0 0,0,12,0
tig00011323 32249 56,0,0,0 76,0,0,0 14,0,0,0 11,0,0,1 20,0,0,0 28,0,0,0 16,0,0,0 10,0,0,0
tig00246043 38426 124,0,0,0 136,0,0,0 20,0,0,0 20,0,0,0 20,0,0,0 38,0,0,0 40,0,0,0 19,0,1,0
tig00085268 20066 0,0,126,0 0,0,140,0 0,0,20,0 0,0,20,0 0,0,20,0 0,0,40,0 8,0,32,0 4,0,16,0
tig00252723 12554 0,0,0,124 0,0,0,136 0,0,0,20 0,0,0,20 0,0,0,20 0,0,2,38 0,0,0,40 0,0,0,20
tig00036402 12851 122,0,0,0 140,0,0,0 16,0,0,0 19,0,1,0 20,0,0,0 40,0,0,0 40,0,0,0 20,0,0,0
tig00251650 65260 126,0,0,0 140,0,0,0 20,0,0,0 20,0,0,0 15,3,0,0 40,0,0,0 30,10,0,0 19,1,0,0
tig00080993 5350 0,110,0,0 15,107,0,0 5,14,0,0 1,19,0,0 1,19,0,0 0,36,0,0 0,34,0,0 0,16,0,0
tig00010636 58801 75,0,0,31 81,0,0,23 15,0,0,5 15,0,0,3 14,0,0,4 36,0,0,0 32,0,0,2 14,0,0,5
tig00114775 3127 15,0,111,0 13,0,121,0 6,0,14,0 1,0,19,0 0,0,20,0 0,0,40,0 0,0,38,0 0,0,18,0
tig00246175 78916 0,0,0,120 0,0,0,124 0,0,0,20 0,0,0,20 0,0,0,20 0,0,0,40 7,0,0,33 1,0,0,19
tig00251971 12264 0,0,0,122 0,0,0,132 0,1,0,17 0,0,0,20 0,1,0,17 0,0,0,40 0,6,0,32 0,1,0,5
tig00261128 23113 0,0,0,96 0,0,0,114 0,0,0,18 0,0,0,20 0,0,0,20 0,0,0,28 0,0,2,24 0,0,2,8
tig01931055 44691 105,0,0,7 118,0,0,0 14,0,0,2 14,0,0,2 19,0,0,1 30,0,0,10 36,0,0,4 16,0,0,4
tig00054076 3057 110,0,0,0 136,0,0,0 16,0,0,0 20,0,0,0 20,0,0,0 38,0,0,0 40,0,0,0 19,0,0,1
tig00058681 33355 0,0,116,0 0,0,132,0 1,0,19,0 0,0,16,0 0,0,20,0 0,0,36,0 0,0,38,0 0,0,20,0
tig00075044 8450 0,0,122,0 0,0,138,0 0,0,18,0 1,0,19,0 0,0,20,0 0,0,40,0 6,0,34,0 3,0,17,0
tig00084319 8834 73,11,0,0 73,19,0,0 4,2,0,0 14,4,0,0 6,8,0,0 1,33,0,0 0,38,0,0 0,16,0,0
tig00118990 8882 0,0,124,0 0,0,140,0 0,0,20,0 0,0,20,0 0,0,20,0 0,0,40,0 8,0,30,0 5,0,15,0
tig00251648 27911 36,0,84,0 40,0,94,0 0,0,18,0 11,0,9,0 4,0,16,0 20,0,14,0 0,0,28,0 0,0,18,0
tig01929192 12086 28,0,0,2 28,0,0,0 14,0,0,0 10,0,0,0 10,0,0,0 32,0,0,0 26,0,0,0 16,0,0,0
tig00087020 8512 0,0,126,0 0,0,140,0 0,0,20,0 0,0,20,0 0,0,20,0 0,0,40,0 0,0,40,0 0,0,19,1
tig00087020 15481 0,0,116,0 0,0,122,0 0,0,16,0 0,0,20,0 0,0,20,0 0,0,40,0 0,0,40,0 0,0,19,1
tig00075681 12132 34,0,92,0 39,0,101,0 6,0,14,0 8,0,12,0 9,0,11,0 16,0,24,0 18,0,22,0 9,0,11,0
tig00251110 94841 0,122,0,0 0,132,0,0 0,16,0,2 0,18,0,0 0,16,0,0 0,40,0,0 0,38,0,0 0,16,0,0
tig00257399 16278 66,10,0,0 80,6,0,0 11,1,0,0 20,0,0,0 19,1,0,0 36,4,0,0 32,2,0,0 12,0,0,0
tig00019540 4984 0,111,0,7 0,130,0,0 0,14,0,0 0,20,0,0 0,18,0,0 0,40,0,0 0,36,0,0 0,18,0,0
tig01937358 7651 0,0,68,18 0,0,82,20 0,0,9,5 0,0,12,6 0,0,12,8 0,0,19,19 0,0,22,16 0,0,6,4
tig00062651 12981 0,118,0,0 0,130,0,0 0,20,0,0 1,17,0,0 0,18,0,0 0,38,0,0 0,36,0,0 0,12,0,0
tig00103360 1636 0,94,0,0 0,118,0,0 1,19,0,0 0,12,0,0 0,20,0,0 0,38,0,0 0,40,0,0 0,20,0,0
tig01936276 3768 116,0,0,0 136,0,0,0 17,0,3,0 19,0,1,0 18,0,0,0 40,0,0,0 38,0,0,0 18,0,0,0
tig00047616 35996 98,20,0,0 107,29,0,0 16,2,0,0 16,4,0,0 14,4,0,0 35,3,0,0 33,7,0,0 16,4,0,0
tig00135635 13547 25,0,0,95 40,0,0,94 0,0,0,18 12,0,0,8 0,0,0,18 0,0,0,38 0,0,0,38 0,0,0,20
tig01933688 11236 0,0,11,115 0,0,21,119 0,0,0,20 0,0,6,14 0,0,0,20 0,0,0,40 0,0,0,40 0,0,0,20
tig00001646 24560 0,124,0,0 0,132,0,8 0,18,0,2 0,20,0,0 0,20,0,0 0,40,0,0 0,40,0,0 0,18,0,0
tig00002998 3549 0,0,126,0 0,0,140,0 0,0,19,1 0,0,20,0 0,0,20,0 0,0,40,0 0,0,40,0 0,0,15,5
tig00043489 28281 0,108,0,0 0,122,0,0 0,15,3,0 0,20,0,0 0,20,0,0 0,36,0,0 0,38,0,0 0,20,0,0
tig00246351 77817 0,0,118,0 0,0,140,0 0,0,20,0 1,0,17,0 0,0,20,0 0,0,38,0 0,0,38,0 0,0,20,0
tig00260636 6625 0,124,0,0 0,136,0,0 0,18,0,0 0,18,0,0 0,18,0,0 0,38,0,0 2,34,0,0 0,18,0,0
tig00018693 15963 0,0,0,106 0,0,0,134 1,0,0,17 0,0,0,20 0,0,0,20 0,0,0,40 0,0,0,36 0,0,0,18
tig00263734 5893 0,0,126,0 0,0,140,0 0,0,20,0 0,0,20,0 0,0,20,0 0,0,40,0 0,3,35,0 0,1,19,0
tig00103489 9209 38,0,0,40 41,0,0,55 7,0,0,7 0,0,0,16 6,0,0,12 5,0,0,26 6,0,0,20 4,0,0,10
tig00105768 9558 0,0,126,0 0,0,140,0 1,0,19,0 0,0,20,0 0,0,20,0 0,0,40,0 0,0,40,0 0,0,20,0
tig00246749 36076 0,0,0,122 0,0,0,140 0,0,1,17 0,0,0,18 0,0,0,18 0,0,0,38 0,0,0,40 0,0,0,20
tig01932939 41016 0,122,0,0 0,138,0,0 0,20,0,0 0,20,0,0 0,20,0,0 0,40,0,0 0,38,2,0 0,20,0,0
tig00041284 18867 0,0,0,106 0,0,0,132 0,0,0,18 0,0,0,20 0,2,0,18 0,0,0,40 0,0,0,40 0,0,0,20
tig00024889 19017 0,120,0,0 0,134,0,0 0,16,0,0 0,18,0,0 0,14,0,0 0,38,0,0 4,36,0,0 1,19,0,0
tig00026009 50164 0,122,0,0 0,126,0,0 0,18,0,0 0,20,0,0 0,20,0,0 0,38,0,0 0,40,0,0 0,17,0,1
tig00257483 38629 0,110,0,6 0,134,0,0 0,20,0,0 0,20,0,0 0,20,0,0 0,34,0,0 0,40,0,0 0,20,0,0
tig00247165 60941 0,105,9,0 0,118,8,0 0,14,4,0 0,15,5,0 0,18,2,0 0,34,4,0 0,34,0,0 0,18,0,0
tig00009800 30660 0,86,0,0 0,84,0,0 2,12,0,0 0,12,0,0 0,16,0,0 0,34,0,0 0,32,0,0 0,14,0,0
tig00017207 20816 7,0,95,0 0,0,108,0 1,0,13,0 3,0,9,0 1,0,17,0 3,0,33,0 11,0,23,0 1,0,17,0
tig01938314 58280 0,98,0,0 0,124,0,0 0,18,0,0 0,16,0,0 0,14,0,0 0,36,0,0 0,37,0,3 0,20,0,0
tig00013032 19188 118,0,0,0 136,0,0,0 20,0,0,0 17,0,0,1 20,0,0,0 36,0,0,0 40,0,0,0 20,0,0,0
tig00059976 18326 0,107,0,15 0,115,0,19 0,18,0,2 0,20,0,0 0,19,0,1 0,38,0,0 0,40,0,0 0,16,0,0
tig00255259 849 0,126,0,0 0,138,0,0 0,19,0,1 0,19,0,1 0,20,0,0 0,40,0,0 0,40,0,0 0,16,0,4
tig00099210 3215 118,0,0,0 122,0,0,0 20,0,0,0 20,0,0,0 18,0,0,0 40,0,0,0 33,0,7,0 12,0,8,0
tig00257049 51717 0,122,0,0 0,138,0,0 0,19,0,1 0,20,0,0 0,20,0,0 0,40,0,0 0,40,0,0 0,20,0,0
tig00007630 28893 82,0,44,0 92,0,48,0 12,0,8,0 12,0,8,0 18,0,2,0 26,0,14,0 29,0,11,0 19,0,1,0
tig00000308 109482 20,0,0,90 31,0,0,92 0,0,0,18 0,0,0,12 0,0,0,20 0,0,0,36 0,0,0,40 0,0,0,20
tig00024261 31094 0,0,0,100 0,0,0,112 1,0,0,17 0,0,0,12 0,0,0,20 0,0,0,36 0,0,0,32 0,0,0,20
tig00071255 12911 112,0,0,0 124,0,0,0 12,0,0,0 12,0,0,0 15,0,1,0 20,0,0,0 22,0,0,0 16,0,0,0
tig00251484 66659 114,0,0,0 126,0,0,0 14,0,0,0 18,0,0,0 19,0,0,1 34,0,0,0 40,0,0,0 18,0,0,0
tig00013352 29491 0,98,0,0 0,112,0,0 0,18,0,0 0,16,0,0 0,18,0,0 0,30,0,0 0,34,0,4 0,16,0,0
tig00124850 30880 0,124,0,0 0,140,0,0 0,20,0,0 0,20,0,0 0,19,0,1 0,40,0,0 0,40,0,0 0,20,0,0
tig00042312 2529 0,42,0,0 0,34,0,0 0,6,0,0 0,6,0,0 0,16,0,0 0,18,0,0 0,20,0,2 0,10,0,0
tig00008220 26995 0,108,0,0 0,110,0,0 0,18,0,0 0,20,0,0 0,18,0,0 0,33,0,5 0,38,0,0 0,18,0,0
tig01930488 12691 114,0,0,0 122,0,0,0 17,0,1,0 20,0,0,0 18,0,0,0 38,0,0,0 36,0,0,0 20,0,0,0
tig00038675 12647 0,0,124,0 0,0,140,0 0,0,20,0 0,0,20,0 0,0,17,3 0,0,40,0 0,0,40,0 0,0,20,0
tig01938171 9389 0,0,80,0 0,0,102,0 1,0,9,0 0,0,20,0 0,0,14,0 0,0,28,0 0,0,28,0 0,0,16,0
tig00120255 17085 12,0,108,0 29,0,95,0 8,0,10,0 0,0,18,0 0,0,20,0 0,0,38,0 0,0,38,0 0,0,20,0
tig00246249 36086 0,126,0,0 0,140,0,0 3,17,0,0 0,20,0,0 7,13,0,0 0,40,0,0 8,32,0,0 5,15,0,0
tig00252201 11161 116,0,0,0 122,0,0,0 17,0,1,0 18,0,0,0 20,0,0,0 40,0,0,0 38,0,0,0 20,0,0,0
tig00088913 6183 0,0,118,0 0,0,138,0 0,0,20,0 0,0,20,0 0,0,20,0 0,0,38,0 2,0,34,0 0,0,20,0
tig00263635 10391 60,0,0,0 78,0,0,0 13,0,1,0 8,0,0,0 14,0,0,0 36,0,0,0 34,0,0,0 14,0,0,0
tig00250184 78978 0,124,0,0 0,140,0,0 0,20,0,0 0,18,0,0 0,20,0,0 0,40,0,0 0,40,0,0 0,19,0,1
tig00254805 18618 0,0,24,10 0,0,50,16 0,0,4,4 0,0,12,0 0,0,9,3 0,0,18,0 0,0,20,0 0,0,8,2
tig01930618 20097 0,0,116,0 0,0,124,0 1,0,13,0 0,0,20,0 0,0,20,0 0,0,36,0 0,0,36,0 0,0,16,0
tig00246173 52736 120,0,0,0 132,0,0,0 20,0,0,0 19,0,0,1 20,0,0,0 38,0,0,0 40,0,0,0 20,0,0,0
tig00122866 3578 0,0,124,0 0,0,136,0 0,0,20,0 0,0,20,0 1,0,19,0 0,0,40,0 0,0,40,0 0,0,18,0
tig00246173 87155 120,0,0,0 132,0,0,0 14,0,0,2 20,0,0,0 20,0,0,0 36,0,0,0 40,0,0,0 20,0,0,0
tig00040623 25999 0,124,0,0 0,132,0,0 0,18,0,0 0,20,0,0 0,20,0,0 0,36,0,0 0,40,0,0 0,19,1,0
tig00259201 15890 0,96,0,26 0,103,0,33 0,15,0,5 0,20,0,0 0,15,0,5 0,20,0,20 0,31,0,9 0,15,0,5
tig00255047 29320 0,0,0,114 0,0,0,118 0,0,0,16 0,1,0,19 0,0,0,18 0,0,0,38 0,0,0,34 0,0,0,18
tig00037744 10629 0,124,0,0 0,134,0,0 1,17,0,0 0,18,0,0 0,18,0,0 0,28,0,0 0,40,0,0 0,20,0,0
tig00003891 102888 0,118,0,0 0,130,0,0 0,20,0,0 0,18,0,0 0,20,0,0 0,40,0,0 2,36,0,0 0,20,0,0
tig00047956 13702 112,0,0,0 117,0,0,9 18,0,0,0 19,0,0,1 20,0,0,0 40,0,0,0 38,0,0,0 20,0,0,0
tig00112561 6194 36,0,0,0 29,2,0,0 10,0,0,0 6,0,0,0 14,0,0,0 16,0,0,0 26,0,0,0 14,0,0,0
tig00071188 13611 8,0,118,0 8,0,132,0 0,0,20,0 1,0,19,0 0,0,20,0 0,0,40,0 0,0,40,0 1,0,17,0
tig00085595 12193 0,0,90,0 0,0,114,0 0,0,8,0 0,0,17,3 0,0,18,0 0,0,36,0 0,0,32,0 0,0,16,0
tig00248922 32919 98,0,0,0 136,0,0,0 12,0,0,0 18,0,0,0 14,0,0,0 32,0,0,0 35,0,0,3 16,0,0,0
tig00246762 79120 0,0,102,0 0,0,118,0 0,0,12,0 0,0,12,0 0,0,14,0 0,0,22,0 0,0,36,0 0,1,19,0
tig00043187 16825 0,0,124,0 8,0,126,0 0,0,18,0 0,0,20,0 0,0,18,0 0,0,40,0 0,0,40,0 0,0,20,0
tig01928809 3750 0,72,0,0 0,74,0,0 0,10,0,2 0,13,0,3 0,12,0,2 0,24,0,4 0,20,0,0 0,16,0,0
tig00022324 20383 11,63,0,0 14,70,0,0 0,14,0,0 5,7,0,0 0,16,0,0 1,27,0,0 0,28,0,0 0,14,0,0
tig00026666 78431 0,9,95,0 0,13,117,0 0,1,17,0 0,0,18,0 0,0,20,0 0,0,36,0 0,0,38,0 0,0,20,0
tig00068951 2515 0,122,0,0 0,132,0,0 0,20,0,0 0,20,0,0 0,20,0,0 0,40,0,0 0,40,0,0 0,17,0,1
tig00251969 21802 0,0,0,122 0,0,0,132 0,0,0,20 0,0,0,20 0,0,0,20 0,0,0,38 0,0,0,38 1,0,0,17
tig00248971 18664 0,0,120,0 0,0,132,0 2,0,18,0 0,0,20,0 0,0,20,0 0,0,40,0 0,0,38,0 0,0,20,0
tig00027642 21181 0,126,0,0 0,138,0,0 0,18,0,2 0,18,0,0 0,20,0,0 0,38,0,0 0,40,0,0 0,20,0,0
tig00030049 39224 0,96,0,0 0,117,0,7 0,12,0,0 0,13,0,1 0,16,0,0 0,23,0,1 0,36,0,0 0,14,0,0
tig00058127 5394 0,0,68,0 0,0,96,0 0,3,7,0 0,0,14,0 0,0,16,0 0,0,32,0 0,0,30,0 0,0,14,0
tig00010599 70543 5,0,0,101 0,0,0,118 0,0,0,14 2,0,0,8 0,0,0,10 0,0,0,30 0,0,0,38 0,0,0,18
tig00252290 13668 0,0,74,0 0,0,86,0 0,0,12,0 0,0,10,0 0,2,9,0 0,0,20,0 0,0,18,0 0,0,10,0
tig00253339 7279 109,0,0,13 121,0,0,11 18,0,0,0 20,0,0,0 18,0,0,0 34,0,0,0 40,0,0,0 20,0,0,0
tig00249017 51762 0,0,124,0 0,0,140,0 0,0,18,0 0,0,18,0 0,0,20,0 0,0,40,0 0,3,33,0 0,0,18,0
tig00011653 125865 0,0,0,122 0,0,0,134 0,1,0,19 0,0,0,20 0,0,0,20 0,0,0,38 0,0,0,40 0,0,0,20
tig00035838 11821 120,0,0,0 140,0,0,0 18,2,0,0 20,0,0,0 18,0,0,0 38,0,0,0 40,0,0,0 20,0,0,0
tig00095672 26859 122,0,0,0 136,0,0,0 17,1,0,0 20,0,0,0 18,0,0,0 40,0,0,0 36,2,0,0 19,1,0,0
tig00004446 8987 82,0,0,0 80,0,0,0 12,0,0,0 12,0,2,0 14,0,0,0 30,0,0,0 18,0,0,0 12,0,0,0
tig00246621 8563 0,0,82,0 0,0,110,0 0,0,20,0 0,1,15,0 0,0,14,0 0,0,32,0 0,0,38,0 0,0,18,0
tig00257746 11190 0,22,0,48 0,21,0,53 0,0,0,6 0,10,0,0 0,2,0,8 0,4,0,22 0,20,0,14 0,13,0,3
tig00261568 3969 0,0,120,0 0,0,140,0 0,0,20,0 0,0,20,0 0,0,18,0 0,0,38,0 0,0,38,2 0,0,17,3
tig01928947 125362 0,0,114,0 0,0,118,0 0,0,18,0 0,0,18,0 0,0,18,0 0,0,38,0 0,0,36,0 3,0,11,0
tig00012888 89478 0,86,0,0 0,86,0,0 0,16,0,0 0,14,0,0 0,16,0,0 0,32,0,0 0,19,0,3 0,16,0,0
tig00014053 10998 0,90,0,0 0,92,0,0 0,12,0,0 1,15,0,0 0,18,0,0 0,38,0,0 0,30,0,0 0,12,0,0
tig00073805 15877 0,0,124,0 0,0,140,0 0,0,18,2 0,0,20,0 0,0,20,0 0,0,40,0 0,0,40,0 0,0,20,0
tig00115844 5678 0,29,0,93 0,11,0,127 0,1,0,17 0,0,0,20 0,0,0,18 0,0,0,40 0,0,0,40 0,0,0,20
tig00032664 9943 0,112,0,0 0,126,0,0 1,15,0,0 0,20,0,0 0,20,0,0 0,40,0,0 0,40,0,0 0,18,0,0
tig00089185 11146 124,0,0,0 140,0,0,0 18,2,0,0 20,0,0,0 20,0,0,0 38,0,0,0 40,0,0,0 18,0,0,0
tig00073646 15506 0,0,62,0 0,0,68,0 2,0,8,0 0,0,14,0 0,0,16,0 0,0,32,0 0,0,32,0 0,0,18,0
tig00025136 37056 0,114,0,0 0,132,0,0 0,18,0,0 0,16,0,0 1,19,0,0 0,40,0,0 0,36,0,0 0,18,0,0
tig00029416 18851 118,0,0,0 117,0,9,0 16,0,4,0 16,0,0,0 20,0,0,0 40,0,0,0 36,0,0,0 20,0,0,0
tig00257756 34563 0,0,0,118 0,0,0,132 0,0,0,18 0,1,0,17 0,0,0,20 0,0,0,36 0,0,0,38 0,0,0,20
tig00005573 59159 126,0,0,0 138,0,0,0 20,0,0,0 20,0,0,0 20,0,0,0 36,0,0,4 21,0,0,19 11,0,0,9
tig00024214 74733 0,0,122,0 0,0,134,0 0,0,18,0 0,0,19,1 0,0,16,0 0,0,40,0 0,0,38,0 0,0,20,0
tig00254583 20125 0,120,0,0 0,134,0,0 0,20,0,0 0,20,0,0 0,20,0,0 3,37,0,0 0,40,0,0 0,18,0,0
tig00255993 7267 0,106,0,0 0,128,0,0 0,20,0,0 0,12,0,0 0,19,1,0 0,34,0,0 0,36,0,0 0,16,0,0
tig00052346 23229 0,124,0,0 0,136,0,0 0,19,0,1 0,20,0,0 0,18,0,0 0,40,0,0 0,36,0,0 0,20,0,0
tig00259931 7334 116,0,0,0 128,0,0,0 20,0,0,0 18,0,0,0 17,0,0,1 38,0,0,0 40,0,0,0 18,0,0,0
tig00021469 58607 0,0,116,0 0,0,134,0 0,0,18,0 0,0,20,0 0,0,20,0 0,4,34,0 0,0,38,0 0,0,18,0
tig00023718 30767 0,0,126,0 0,0,134,0 0,0,16,0 0,0,20,0 0,1,19,0 0,0,38,0 0,0,40,0 0,0,20,0
tig00054033 22379 0,0,118,0 0,0,132,0 1,0,19,0 0,0,18,0 0,0,20,0 0,0,40,0 0,0,40,0 0,0,20,0
tig00014300 34915 108,0,0,0 108,0,0,0 11,0,0,3 16,0,0,0 20,0,0,0 38,0,0,0 30,0,0,6 20,0,0,0
tig00079401 24735 76,0,0,0 82,0,0,0 12,0,0,0 16,0,0,0 16,0,0,0 40,0,0,0 26,0,0,2 8,0,0,2
tig00024841 54809 0,0,112,0 0,0,136,0 0,0,18,0 1,0,19,0 0,0,20,0 0,0,40,0 0,0,40,0 0,0,20,0
tig00035731 19141 0,0,112,0 0,0,134,0 0,0,20,0 0,1,19,0 0,0,20,0 0,0,40,0 0,0,38,0 0,0,20,0
tig01932252 5996 0,90,20,0 0,97,7,0 0,20,0,0 0,20,0,0 0,20,0,0 0,40,0,0 0,40,0,0 0,20,0,0
tig00249211 13015 126,0,0,0 140,0,0,0 20,0,0,0 17,0,3,0 20,0,0,0 40,0,0,0 40,0,0,0 20,0,0,0
tig00099593 8518 0,116,0,0 0,134,0,0 0,20,0,0 0,20,0,0 0,18,0,0 0,40,0,0 0,38,0,0 0,18,0,2
tig00002955 139960 0,118,0,0 0,118,0,0 0,14,0,0 0,19,1,0 0,20,0,0 0,36,0,0 0,36,0,0 0,16,0,0
tig00032769 4684 0,36,0,0 0,60,0,0 0,10,0,0 0,8,0,0 0,8,0,0 0,29,2,0 0,26,0,0 0,12,0,0
tig00080712 21255 118,0,0,0 134,0,0,0 19,0,1,0 18,0,0,0 17,0,1,0 37,0,3,0 40,0,0,0 18,0,0,0
tig00025492 6567 0,122,0,0 0,130,0,0 0,18,0,0 0,20,0,0 0,18,0,0 0,38,0,0 0,40,0,0 0,19,0,1
tig00064488 8733 0,116,0,0 0,118,0,10 0,17,0,3 0,18,0,0 0,18,0,2 0,35,0,3 0,38,0,2 0,19,0,1
tig00103984 9420 112,0,0,0 136,0,0,0 17,0,0,1 18,0,0,0 20,0,0,0 38,0,0,0 36,0,0,0 20,0,0,0
tig01938351 21573 107,0,0,15 130,0,0,0 20,0,0,0 18,0,0,2 20,0,0,0 40,0,0,0 40,0,0,0 20,0,0,0
tig00246479 44259 0,0,118,0 0,0,132,0 0,0,20,0 0,0,20,0 0,1,19,0 0,0,38,0 0,0,40,0 0,0,20,0
tig00040077 63933 0,124,0,0 11,129,0,0 0,18,0,0 3,17,0,0 0,20,0,0 0,40,0,0 0,40,0,0 0,20,0,0
tig00053414 13330 0,116,0,0 0,124,0,0 0,16,0,0 0,16,0,0 0,19,1,0 0,40,0,0 0,40,0,0 0,20,0,0
tig00246762 126206 23,0,103,0 27,0,109,0 3,0,17,0 1,0,19,0 4,0,16,0 5,0,33,0 6,0,34,0 0,0,20,0
tig00012840 18553 0,0,0,114 0,0,0,120 0,0,0,18 0,0,0,20 0,0,0,18 0,0,0,40 0,0,0,36 1,0,0,17
tig00076826 10369 124,0,0,0 124,0,0,0 18,0,0,0 18,0,0,0 18,0,0,0 40,0,0,0 38,2,0,0 18,2,0,0
tig00021797 89855 100,0,0,6 100,0,0,10 16,0,0,0 20,0,0,0 18,0,0,0 36,0,0,0 38,0,0,0 18,0,0,0
tig00088235 5543 0,0,0,126 0,0,0,138 0,0,0,16 1,0,0,19 0,0,0,20 0,0,0,40 0,0,0,36 0,0,0,16
tig00002811 45891 0,0,0,122 0,0,0,130 0,0,0,20 0,0,0,18 0,0,0,20 0,0,0,34 0,0,0,40 0,0,1,19
tig00007500 113662 122,0,0,0 134,0,0,0 18,0,0,0 20,0,0,0 18,0,0,0 40,0,0,0 36,0,4,0 20,0,0,0
tig00047269 14800 0,102,0,0 0,102,0,0 0,12,0,2 0,10,0,0 0,18,0,0 0,34,0,0 0,20,0,0 0,16,0,0
tig00076083 9362 0,0,116,0 0,0,130,0 0,0,14,0 0,0,18,0 0,0,20,0 0,0,34,0 0,0,36,0 0,1,15,0
tig00030983 25585 116,0,0,0 126,0,0,0 17,0,0,1 18,0,0,0 20,0,0,0 38,0,0,0 36,0,0,0 18,0,0,0
tig00246514 24359 0,0,0,114 0,0,0,134 0,0,0,18 0,0,0,20 0,0,0,18 0,0,0,38 0,0,0,40 1,0,0,19
tig00040791 26235 0,0,0,126 0,0,0,138 0,0,0,20 0,0,0,20 0,0,2,18 0,0,9,31 0,0,0,40 0,0,1,19
tig00067157 20398 0,0,0,72 0,0,0,96 0,0,0,16 0,0,0,10 0,0,0,14 2,0,0,29 0,0,0,26 0,0,0,12
tig00258084 4792 0,0,0,114 0,0,0,126 0,0,0,20 2,0,0,18 0,0,0,18 0,0,0,38 0,0,0,38 0,0,0,20
tig01929922 16481 0,66,0,4 0,93,0,7 0,12,0,0 0,10,0,0 0,12,0,2 0,24,0,0 0,20,0,0 0,14,0,0
tig00017840 14508 118,0,0,0 134,0,0,0 17,0,0,1 18,0,0,0 18,0,0,0 40,0,0,0 36,0,0,0 18,0,0,0
tig00253958 9157 2,22,0,0 0,40,0,0 0,14,0,0 0,12,0,0 0,12,0,0 0,16,0,0 0,6,0,0 0,8,0,0
tig00248534 73574 0,0,0,122 0,0,0,138 0,0,0,18 0,0,0,20 0,0,0,20 0,0,0,40 0,3,0,37 0,0,0,20
tig00007018 100897 0,0,0,122 0,0,0,128 0,1,0,19 0,0,0,20 0,0,0,20 0,0,0,40 0,0,0,40 0,0,0,20
tig00049293 30220 0,0,0,38 0,0,0,50 0,0,0,6 0,0,0,16 2,0,0,5 2,0,0,16 0,0,0,12 2,0,0,8
tig00003991 72028 0,0,126,0 0,0,140,0 0,0,20,0 2,0,18,0 3,0,17,0 5,0,35,0 4,0,36,0 0,0,20,0
tig00052169 27857 0,0,0,124 0,0,0,132 2,0,0,12 3,0,0,15 0,0,0,20 0,0,0,38 0,0,0,38 1,0,0,19
tig01929235 69022 0,124,0,0 0,134,0,0 0,18,0,0 0,19,1,0 0,18,0,0 0,40,0,0 0,38,0,0 0,20,0,0
tig00056342 21731 0,32,92,0 0,37,95,0 0,5,15,0 0,7,13,0 0,3,17,0 0,14,26,0 0,30,10,0 0,7,13,0
tig00080536 2682 122,0,0,0 132,0,0,0 18,0,0,0 20,0,0,0 17,0,0,1 40,0,0,0 38,0,0,0 20,0,0,0
tig00010421 50435 0,0,114,0 0,0,128,0 0,0,20,0 0,0,20,0 0,2,18,0 0,0,40,0 0,0,38,0 0,0,18,0
tig00109490 8966 0,0,60,0 0,0,68,0 0,0,10,0 0,0,6,0 0,0,6,0 0,0,22,0 0,0,24,0 1,0,13,0
tig01932332 19527 0,0,106,0 0,0,122,0 0,0,18,0 0,0,19,1 0,0,20,0 0,0,36,0 0,0,40,0 0,0,18,0
tig00018677 52000 0,0,90,0 0,0,106,0 0,0,12,0 0,0,18,0 0,0,18,0 0,0,32,0 26,0,8,0 13,0,7,0
tig00100977 9172 0,0,0,118 0,0,0,138 0,0,0,18 4,0,0,16 0,0,0,20 0,0,0,38 0,0,0,36 0,0,0,18
tig00098289 14348 114,0,0,0 128,0,0,0 14,0,0,0 17,0,0,1 18,0,0,0 40,0,0,0 36,0,0,0 16,0,0,0
tig00249674 37971 0,0,0,124 0,0,0,136 1,0,0,17 0,0,0,20 0,0,0,18 0,0,0,36 0,0,0,38 0,0,0,20
tig00256371 7582 0,0,86,0 0,0,84,0 0,0,20,0 0,0,18,0 0,0,10,0 0,0,32,0 3,0,29,0 0,0,18,0
tig00047603 4693 86,0,0,0 92,0,0,0 8,0,0,0 14,0,0,0 7,0,3,0 20,0,0,0 24,0,0,0 12,0,0,0
tig00254430 4872 46,0,0,0 52,0,0,0 14,0,0,0 12,0,0,0 18,0,0,0 26,0,0,0 23,0,0,1 14,0,0,0
tig00259851 4083 82,0,0,0 92,0,0,0 10,0,0,0 14,0,2,0 16,0,0,0 24,0,0,0 18,0,0,0 12,0,0,0
tig01931002 6742 0,5,0,75 0,14,0,72 0,0,0,14 0,3,0,9 0,0,0,10 0,0,0,26 0,0,0,28 0,0,0,8
tig01938543 134928 50,0,0,0 52,0,0,0 12,2,0,0 12,0,0,0 14,0,0,0 20,0,0,0 30,0,0,0 18,0,0,0
tig01940053 4743 0,0,86,0 0,0,94,0 0,0,12,0 1,0,17,0 0,0,18,0 0,0,36,0 0,0,32,0 0,0,18,0
tig00121840 15788 99,0,0,25 95,0,0,35 12,0,0,6 20,0,0,0 20,0,0,0 40,0,0,0 40,0,0,0 19,0,0,1
tig00045646 17966 0,0,112,0 0,0,126,0 0,0,18,0 0,0,18,0 0,0,16,0 0,5,33,0 0,4,28,0 0,1,13,0
tig00246381 42438 0,0,122,0 0,0,136,0 0,0,20,0 0,0,20,0 0,0,20,0 0,0,40,0 0,0,40,0 1,0,19,0
tig00259850 23162 80,0,0,0 98,0,0,0 18,0,0,0 16,2,0,0 18,0,0,0 34,0,0,0 30,0,0,0 16,0,0,0
tig00079144 25075 0,0,0,120 0,0,0,126 0,0,0,20 0,0,0,20 0,0,0,20 0,0,0,40 0,2,0,34 0,1,0,19
tig00039653 8603 0,0,118,0 0,0,132,0 0,0,18,0 3,0,15,0 1,0,17,0 4,0,36,0 0,0,40,0 1,0,19,0
tig00260265 51879 0,0,0,120 0,8,0,124 0,0,0,20 0,1,0,19 0,0,0,20 0,8,0,32 0,0,0,40 0,0,0,18
tig00090654 11291 0,108,0,0 0,130,0,0 0,18,0,0 0,12,0,2 0,20,0,0 0,32,0,0 0,40,0,0 0,18,0,0
tig01935708 9592 0,47,0,3 0,68,0,0 0,8,0,2 0,14,0,0 0,8,0,0 0,22,0,0 0,26,0,0 0,8,0,0
tig00250569 14057 62,64,0,0 68,70,0,0 11,9,0,0 8,12,0,0 10,10,0,0 19,21,0,0 18,22,0,0 9,11,0,0
